000000 +1 +1.000000000000000000 +0.000000000000000000 +0.000000000000000000 +0.000000000000000000 +1.000000000000000000 +0.000000000000000000 +0.000000000000000000 +0.000000000000000000
000001 +1 +1.000000000000000000 +0.000000000000000000 +0.000000000000000000 +0.000000000000000000 -1.000000000000000000 +0.000000000000000000 +0.000000000000000000 +0.000000000000000000
000002 +1 +1.000000000000000000 +0.000000000000000000 +0.000000000000000000 +0.000000000000000000 +0.000000000000000000 +1.000000000000000000 +0.000000000000000000 +0.000000000000000000
000003 +1 +0.707106781186547524 +0.707106781186547524 +0.000000000000000000 +0.000000000000000000 +0.707106781186547524 +0.707106781186547524 +0.000000000000000000 +0.000000000000000000
000004 +1 +0.500000000000000000 +0.500000000000000000 +0.500000000000000000 +0.500000000000000000 -0.500000000000000000 +0.500000000000000000 +0.500000000000000000 +0.500000000000000000
000005 -1 +1.000000000000000000 +0.000000000000000000 +0.000000000000000000 +0.000000000000000000 +1.000000000000000000 +0.000000000000000000 +0.000000000000000000 +0.000000000000000000
000006 +1 +1.000000000000000000 +0.000000000000000000 +0.000000000000000000 +0.000000000000000000 -0.000000000000000000 -1.000000000000000000 +0.000000000000000000 +0.000000000000000000
000007 +1 +0.707106781186547524 +0.707106781186547524 +0.000000000000000000 +0.000000000000000000 -0.707106781186547524 -0.707106781186547524 +0.000000000000000000 +0.000000000000000000
000008 +1 +0.500000000000000000 +0.500000000000000000 +0.500000000000000000 +0.500000000000000000 +0.500000000000000000 -0.500000000000000000 -0.500000000000000000 -0.500000000000000000
000009 -1 +1.000000000000000000 +0.000000000000000000 +0.000000000000000000 +0.000000000000000000 -1.000000000000000000 +0.000000000000000000 +0.000000000000000000 +0.000000000000000000
000010 +1 +0.707106781186547524 +0.707106781186547524 +0.000000000000000000 +0.000000000000000000 -0.707106781186547524 +0.707106781186547524 +0.000000000000000000 +0.000000000000000000
000011 +1 +0.500000000000000000 +0.500000000000000000 +0.500000000000000000 +0.500000000000000000 -0.500000000000000000 -0.500000000000000000 +0.500000000000000000 -0.500000000000000000
000012 -1 +1.000000000000000000 +0.000000000000000000 +0.000000000000000000 +0.000000000000000000 +0.000000000000000000 +1.000000000000000000 +0.000000000000000000 +0.000000000000000000
000013 +1 +0.000000000000000000 +1.000000000000000000 +0.000000000000000000 +0.000000000000000000 +0.000000000000000000 +1.000000000000000000 +0.000000000000000000 +0.000000000000000000
000014 +1 +0.000000000000000000 +0.707106781186547524 +0.000000000000000000 +0.707106781186547524 -0.707106781186547524 +0.000000000000000000 +0.707106781186547524 +0.000000000000000000
000015 -1 +0.707106781186547524 +0.707106781186547524 +0.000000000000000000 +0.000000000000000000 +0.707106781186547524 +0.707106781186547524 +0.000000000000000000 +0.000000000000000000
000016 +1 +0.500000000000000000 +0.500000000000000000 +0.500000000000000000 +0.500000000000000000 -0.500000000000000000 -0.500000000000000000 -0.500000000000000000 +0.500000000000000000
000017 +1 +0.000000000000000000 +0.707106781186547524 +0.707106781186547524 +0.000000000000000000 -0.707106781186547524 +0.000000000000000000 +0.000000000000000000 +0.707106781186547524
000018 +1 -0.500000000000000000 +0.500000000000000000 +0.500000000000000000 +0.500000000000000000 -0.500000000000000000 -0.500000000000000000 -0.500000000000000000 -0.500000000000000000
000019 -1 +0.500000000000000000 +0.500000000000000000 +0.500000000000000000 +0.500000000000000000 -0.500000000000000000 +0.500000000000000000 +0.500000000000000000 +0.500000000000000000
000020 -1 +0.000000000000000000 -1.000000000000000000 +0.000000000000000000 +0.000000000000000000 +1.000000000000000000 +0.000000000000000000 +0.000000000000000000 +0.000000000000000000
000021 -1 +0.707106781186547524 -0.707106781186547524 +0.000000000000000000 +0.000000000000000000 +0.707106781186547524 -0.707106781186547524 +0.000000000000000000 +0.000000000000000000
000022 +1 +0.707106781186547524 +0.707106781186547524 +0.000000000000000000 +0.000000000000000000 +0.707106781186547524 -0.707106781186547524 +0.000000000000000000 +0.000000000000000000
000023 +1 +0.500000000000000000 +0.500000000000000000 +0.500000000000000000 +0.500000000000000000 +0.500000000000000000 +0.500000000000000000 -0.500000000000000000 +0.500000000000000000
000024 -1 +1.000000000000000000 +0.000000000000000000 +0.000000000000000000 +0.000000000000000000 +0.000000000000000000 -1.000000000000000000 +0.000000000000000000 +0.000000000000000000
000025 +1 +0.000000000000000000 +1.000000000000000000 +0.000000000000000000 +0.000000000000000000 +0.000000000000000000 -1.000000000000000000 +0.000000000000000000 +0.000000000000000000
000026 +1 +0.000000000000000000 +0.707106781186547524 +0.000000000000000000 +0.707106781186547524 +0.707106781186547524 +0.000000000000000000 -0.707106781186547524 +0.000000000000000000
000027 -1 +0.707106781186547524 +0.707106781186547524 +0.000000000000000000 +0.000000000000000000 -0.707106781186547524 -0.707106781186547524 +0.000000000000000000 +0.000000000000000000
000028 +1 +0.500000000000000000 +0.500000000000000000 +0.500000000000000000 +0.500000000000000000 +0.500000000000000000 +0.500000000000000000 +0.500000000000000000 -0.500000000000000000
000029 +1 +0.000000000000000000 +0.707106781186547524 +0.707106781186547524 +0.000000000000000000 +0.707106781186547524 +0.000000000000000000 +0.000000000000000000 -0.707106781186547524
000030 +1 -0.500000000000000000 +0.500000000000000000 +0.500000000000000000 +0.500000000000000000 +0.500000000000000000 +0.500000000000000000 +0.500000000000000000 +0.500000000000000000
000031 -1 +0.500000000000000000 +0.500000000000000000 +0.500000000000000000 +0.500000000000000000 +0.500000000000000000 -0.500000000000000000 -0.500000000000000000 -0.500000000000000000
000032 -1 +0.000000000000000000 -1.000000000000000000 +0.000000000000000000 +0.000000000000000000 -1.000000000000000000 +0.000000000000000000 +0.000000000000000000 +0.000000000000000000
000033 -1 +0.707106781186547524 -0.707106781186547524 +0.000000000000000000 +0.000000000000000000 -0.707106781186547524 +0.707106781186547524 +0.000000000000000000 +0.000000000000000000
000034 +1 +0.000000000000000000 +1.000000000000000000 +0.000000000000000000 +0.000000000000000000 -1.000000000000000000 +0.000000000000000000 +0.000000000000000000 +0.000000000000000000
000035 +1 +0.000000000000000000 +0.707106781186547524 +0.000000000000000000 +0.707106781186547524 +0.000000000000000000 -0.707106781186547524 +0.000000000000000000 -0.707106781186547524
000036 -1 +0.707106781186547524 +0.707106781186547524 +0.000000000000000000 +0.000000000000000000 -0.707106781186547524 +0.707106781186547524 +0.000000000000000000 +0.000000000000000000
000037 +1 +0.500000000000000000 +0.500000000000000000 +0.500000000000000000 +0.500000000000000000 +0.500000000000000000 -0.500000000000000000 +0.500000000000000000 +0.500000000000000000
000038 +1 +0.000000000000000000 +0.707106781186547524 +0.707106781186547524 +0.000000000000000000 +0.000000000000000000 -0.707106781186547524 +0.707106781186547524 +0.000000000000000000
000039 +1 -0.500000000000000000 +0.500000000000000000 +0.500000000000000000 +0.500000000000000000 +0.500000000000000000 -0.500000000000000000 -0.500000000000000000 +0.500000000000000000
000040 -1 +0.500000000000000000 +0.500000000000000000 +0.500000000000000000 +0.500000000000000000 -0.500000000000000000 -0.500000000000000000 +0.500000000000000000 -0.500000000000000000
000041 -1 +0.000000000000000000 -1.000000000000000000 +0.000000000000000000 +0.000000000000000000 +0.000000000000000000 +1.000000000000000000 +0.000000000000000000 +0.000000000000000000
000042 -1 +0.707106781186547524 -0.707106781186547524 +0.000000000000000000 +0.000000000000000000 +0.707106781186547524 +0.707106781186547524 +0.000000000000000000 +0.000000000000000000
000043 +1 -0.707106781186547524 +0.707106781186547524 +0.000000000000000000 +0.000000000000000000 -0.707106781186547524 +0.707106781186547524 +0.000000000000000000 +0.000000000000000000
000044 +1 -0.500000000000000000 +0.500000000000000000 -0.500000000000000000 +0.500000000000000000 -0.500000000000000000 -0.500000000000000000 +0.500000000000000000 -0.500000000000000000
000045 -1 +0.000000000000000000 +1.000000000000000000 +0.000000000000000000 +0.000000000000000000 +0.000000000000000000 +1.000000000000000000 +0.000000000000000000 +0.000000000000000000
000046 +1 +0.000000000000000000 +0.707106781186547524 +0.000000000000000000 +0.707106781186547524 -0.000000000000000000 -0.707106781186547524 +0.000000000000000000 +0.707106781186547524
000047 +1 -0.500000000000000000 +0.500000000000000000 +0.500000000000000000 +0.500000000000000000 -0.500000000000000000 -0.500000000000000000 +0.500000000000000000 +0.500000000000000000
000048 +1 -0.707106781186547524 +0.000000000000000000 +0.000000000000000000 +0.707106781186547524 +0.000000000000000000 -0.707106781186547524 -0.707106781186547524 +0.000000000000000000
000049 -1 +0.000000000000000000 +0.707106781186547524 +0.000000000000000000 +0.707106781186547524 -0.707106781186547524 +0.000000000000000000 +0.707106781186547524 +0.000000000000000000
000050 +1 +0.000000000000000000 +0.707106781186547524 +0.707106781186547524 +0.000000000000000000 +0.000000000000000000 -0.707106781186547524 -0.707106781186547524 +0.000000000000000000
000051 +1 -0.500000000000000000 +0.500000000000000000 +0.500000000000000000 +0.500000000000000000 +0.500000000000000000 +0.500000000000000000 -0.500000000000000000 -0.500000000000000000
000052 -1 +0.500000000000000000 +0.500000000000000000 +0.500000000000000000 +0.500000000000000000 -0.500000000000000000 -0.500000000000000000 -0.500000000000000000 +0.500000000000000000
000053 +1 -0.500000000000000000 +0.500000000000000000 +0.500000000000000000 -0.500000000000000000 -0.500000000000000000 -0.500000000000000000 -0.500000000000000000 +0.500000000000000000
000054 +1 -0.707106781186547524 +0.707106781186547524 +0.000000000000000000 +0.000000000000000000 +0.000000000000000000 +0.000000000000000000 -0.707106781186547524 -0.707106781186547524
000055 -1 +0.000000000000000000 +0.707106781186547524 +0.707106781186547524 +0.000000000000000000 -0.707106781186547524 +0.000000000000000000 +0.000000000000000000 +0.707106781186547524
000056 +1 -0.500000000000000000 +0.500000000000000000 +0.500000000000000000 +0.500000000000000000 +0.500000000000000000 -0.500000000000000000 +0.500000000000000000 -0.500000000000000000
000057 +1 -0.707106781186547524 +0.000000000000000000 +0.707106781186547524 +0.000000000000000000 +0.000000000000000000 -0.707106781186547524 +0.000000000000000000 -0.707106781186547524
000058 -1 -0.500000000000000000 +0.500000000000000000 +0.500000000000000000 +0.500000000000000000 -0.500000000000000000 -0.500000000000000000 -0.500000000000000000 -0.500000000000000000
000059 -1 +0.500000000000000000 -0.500000000000000000 -0.500000000000000000 +0.500000000000000000 -0.500000000000000000 +0.500000000000000000 +0.500000000000000000 +0.500000000000000000
000060 -1 +0.707106781186547524 +0.000000000000000000 +0.000000000000000000 +0.707106781186547524 +0.000000000000000000 +0.707106781186547524 +0.707106781186547524 +0.000000000000000000
000061 -1 -0.500000000000000000 +0.500000000000000000 -0.500000000000000000 +0.500000000000000000 +0.500000000000000000 -0.500000000000000000 -0.500000000000000000 -0.500000000000000000
000062 -1 -0.707106781186547524 +0.000000000000000000 -0.707106781186547524 +0.000000000000000000 +0.000000000000000000 -0.707106781186547524 +0.000000000000000000 -0.707106781186547524
000063 +1 +0.000000000000000000 +1.000000000000000000 +0.000000000000000000 +0.000000000000000000 +1.000000000000000000 +0.000000000000000000 +0.000000000000000000 +0.000000000000000000
000064 +1 +0.000000000000000000 +0.707106781186547524 +0.000000000000000000 +0.707106781186547524 +0.000000000000000000 +0.707106781186547524 +0.000000000000000000 +0.707106781186547524
000065 -1 +0.707106781186547524 +0.707106781186547524 +0.000000000000000000 +0.000000000000000000 +0.707106781186547524 -0.707106781186547524 +0.000000000000000000 +0.000000000000000000
000066 +1 +0.500000000000000000 +0.500000000000000000 +0.500000000000000000 +0.500000000000000000 -0.500000000000000000 +0.500000000000000000 -0.500000000000000000 -0.500000000000000000
000067 +1 +0.000000000000000000 +0.707106781186547524 +0.707106781186547524 +0.000000000000000000 +0.000000000000000000 +0.707106781186547524 -0.707106781186547524 +0.000000000000000000
000068 +1 -0.500000000000000000 +0.500000000000000000 +0.500000000000000000 +0.500000000000000000 -0.500000000000000000 +0.500000000000000000 +0.500000000000000000 -0.500000000000000000
000069 -1 +0.500000000000000000 +0.500000000000000000 +0.500000000000000000 +0.500000000000000000 +0.500000000000000000 +0.500000000000000000 -0.500000000000000000 +0.500000000000000000
000070 -1 +0.707106781186547524 -0.707106781186547524 +0.000000000000000000 +0.000000000000000000 -0.707106781186547524 -0.707106781186547524 +0.000000000000000000 +0.000000000000000000
000071 +1 -0.707106781186547524 +0.707106781186547524 +0.000000000000000000 +0.000000000000000000 +0.707106781186547524 -0.707106781186547524 +0.000000000000000000 +0.000000000000000000
000072 +1 -0.500000000000000000 +0.500000000000000000 -0.500000000000000000 +0.500000000000000000 +0.500000000000000000 +0.500000000000000000 -0.500000000000000000 +0.500000000000000000
000073 +1 +0.000000000000000000 +0.707106781186547524 +0.000000000000000000 +0.707106781186547524 +0.000000000000000000 +0.707106781186547524 +0.000000000000000000 -0.707106781186547524
000074 +1 -0.707106781186547524 +0.000000000000000000 +0.000000000000000000 +0.707106781186547524 +0.000000000000000000 +0.707106781186547524 +0.707106781186547524 +0.000000000000000000
000075 -1 +0.000000000000000000 +0.707106781186547524 +0.000000000000000000 +0.707106781186547524 +0.707106781186547524 +0.000000000000000000 -0.707106781186547524 +0.000000000000000000
000076 +1 +0.000000000000000000 +0.707106781186547524 +0.707106781186547524 +0.000000000000000000 +0.000000000000000000 +0.707106781186547524 +0.707106781186547524 +0.000000000000000000
000077 -1 +0.500000000000000000 +0.500000000000000000 +0.500000000000000000 +0.500000000000000000 +0.500000000000000000 +0.500000000000000000 +0.500000000000000000 -0.500000000000000000
000078 +1 -0.500000000000000000 +0.500000000000000000 +0.500000000000000000 -0.500000000000000000 +0.500000000000000000 +0.500000000000000000 +0.500000000000000000 -0.500000000000000000
000079 +1 -0.707106781186547524 +0.707106781186547524 +0.000000000000000000 +0.000000000000000000 +0.000000000000000000 +0.000000000000000000 +0.707106781186547524 +0.707106781186547524
000080 -1 +0.000000000000000000 +0.707106781186547524 +0.707106781186547524 +0.000000000000000000 +0.707106781186547524 +0.000000000000000000 +0.000000000000000000 -0.707106781186547524
000081 +1 -0.500000000000000000 +0.500000000000000000 +0.500000000000000000 +0.500000000000000000 -0.500000000000000000 +0.500000000000000000 -0.500000000000000000 +0.500000000000000000
000082 +1 -0.707106781186547524 +0.000000000000000000 +0.707106781186547524 +0.000000000000000000 +0.000000000000000000 +0.707106781186547524 +0.000000000000000000 +0.707106781186547524
000083 -1 -0.500000000000000000 +0.500000000000000000 +0.500000000000000000 +0.500000000000000000 +0.500000000000000000 +0.500000000000000000 +0.500000000000000000 +0.500000000000000000
000084 -1 +0.500000000000000000 -0.500000000000000000 -0.500000000000000000 +0.500000000000000000 +0.500000000000000000 -0.500000000000000000 -0.500000000000000000 -0.500000000000000000
000085 -1 +0.707106781186547524 +0.000000000000000000 +0.000000000000000000 +0.707106781186547524 +0.000000000000000000 -0.707106781186547524 -0.707106781186547524 +0.000000000000000000
000086 -1 -0.500000000000000000 +0.500000000000000000 -0.500000000000000000 +0.500000000000000000 -0.500000000000000000 +0.500000000000000000 +0.500000000000000000 +0.500000000000000000
000087 -1 -0.707106781186547524 +0.000000000000000000 -0.707106781186547524 +0.000000000000000000 +0.000000000000000000 +0.707106781186547524 +0.000000000000000000 +0.707106781186547524
000088 +1 -0.707106781186547524 +0.707106781186547524 +0.000000000000000000 +0.000000000000000000 -0.707106781186547524 -0.707106781186547524 +0.000000000000000000 +0.000000000000000000
000089 +1 -0.500000000000000000 +0.500000000000000000 -0.500000000000000000 +0.500000000000000000 +0.500000000000000000 -0.500000000000000000 -0.500000000000000000 -0.500000000000000000
000090 +1 +0.000000000000000000 +0.707106781186547524 +0.000000000000000000 +0.707106781186547524 +0.707106781186547524 +0.000000000000000000 +0.707106781186547524 +0.000000000000000000
000091 +1 -0.707106781186547524 +0.000000000000000000 +0.000000000000000000 +0.707106781186547524 +0.707106781186547524 +0.000000000000000000 +0.000000000000000000 +0.707106781186547524
000092 -1 +0.000000000000000000 +0.707106781186547524 +0.000000000000000000 +0.707106781186547524 +0.000000000000000000 -0.707106781186547524 +0.000000000000000000 -0.707106781186547524
000093 +1 +0.000000000000000000 +0.707106781186547524 +0.707106781186547524 +0.000000000000000000 +0.707106781186547524 +0.000000000000000000 +0.000000000000000000 +0.707106781186547524
000094 -1 +0.500000000000000000 +0.500000000000000000 +0.500000000000000000 +0.500000000000000000 +0.500000000000000000 -0.500000000000000000 +0.500000000000000000 +0.500000000000000000
000095 +1 -0.500000000000000000 +0.500000000000000000 +0.500000000000000000 -0.500000000000000000 +0.500000000000000000 -0.500000000000000000 +0.500000000000000000 +0.500000000000000000
000096 +1 -0.707106781186547524 +0.707106781186547524 +0.000000000000000000 +0.000000000000000000 +0.000000000000000000 +0.000000000000000000 -0.707106781186547524 +0.707106781186547524
000097 -1 +0.000000000000000000 +0.707106781186547524 +0.707106781186547524 +0.000000000000000000 +0.000000000000000000 -0.707106781186547524 +0.707106781186547524 +0.000000000000000000
000098 +1 -0.707106781186547524 +0.000000000000000000 +0.707106781186547524 +0.000000000000000000 +0.707106781186547524 +0.000000000000000000 -0.707106781186547524 +0.000000000000000000
000099 -1 -0.500000000000000000 +0.500000000000000000 +0.500000000000000000 +0.500000000000000000 +0.500000000000000000 -0.500000000000000000 -0.500000000000000000 +0.500000000000000000
000100 -1 +0.500000000000000000 -0.500000000000000000 -0.500000000000000000 +0.500000000000000000 -0.500000000000000000 -0.500000000000000000 +0.500000000000000000 -0.500000000000000000
000101 -1 +0.707106781186547524 +0.000000000000000000 +0.000000000000000000 +0.707106781186547524 -0.707106781186547524 +0.000000000000000000 +0.000000000000000000 -0.707106781186547524
000102 -1 -0.500000000000000000 +0.500000000000000000 -0.500000000000000000 +0.500000000000000000 +0.500000000000000000 +0.500000000000000000 -0.500000000000000000 +0.500000000000000000
000103 -1 -0.707106781186547524 +0.000000000000000000 -0.707106781186547524 +0.000000000000000000 +0.707106781186547524 +0.000000000000000000 -0.707106781186547524 +0.000000000000000000
000104 +1 -0.707106781186547524 +0.000000000000000000 -0.707106781186547524 +0.000000000000000000 +0.000000000000000000 -0.707106781186547524 +0.000000000000000000 -0.707106781186547524
000105 +1 -0.500000000000000000 +0.500000000000000000 -0.500000000000000000 +0.500000000000000000 +0.500000000000000000 -0.500000000000000000 +0.500000000000000000 +0.500000000000000000
000106 +1 -0.707106781186547524 +0.000000000000000000 +0.000000000000000000 +0.707106781186547524 +0.000000000000000000 -0.707106781186547524 +0.707106781186547524 +0.000000000000000000
000107 +1 -0.500000000000000000 -0.500000000000000000 -0.500000000000000000 +0.500000000000000000 +0.500000000000000000 -0.500000000000000000 -0.500000000000000000 +0.500000000000000000
000108 -1 -0.500000000000000000 +0.500000000000000000 -0.500000000000000000 +0.500000000000000000 -0.500000000000000000 -0.500000000000000000 +0.500000000000000000 -0.500000000000000000
000109 +1 -0.707106781186547524 +0.000000000000000000 +0.000000000000000000 +0.707106781186547524 +0.000000000000000000 +0.707106781186547524 -0.707106781186547524 +0.000000000000000000
000110 -1 +0.000000000000000000 +0.707106781186547524 +0.000000000000000000 +0.707106781186547524 +0.000000000000000000 -0.707106781186547524 +0.000000000000000000 +0.707106781186547524
000111 +1 -0.707106781186547524 +0.000000000000000000 +0.707106781186547524 +0.000000000000000000 +0.000000000000000000 -0.707106781186547524 +0.000000000000000000 +0.707106781186547524
000112 +1 -1.000000000000000000 +0.000000000000000000 +0.000000000000000000 +0.000000000000000000 +0.000000000000000000 +0.000000000000000000 -1.000000000000000000 +0.000000000000000000
000113 -1 -0.500000000000000000 +0.500000000000000000 +0.500000000000000000 +0.500000000000000000 -0.500000000000000000 -0.500000000000000000 +0.500000000000000000 +0.500000000000000000
000114 +1 -0.707106781186547524 +0.000000000000000000 +0.000000000000000000 +0.707106781186547524 +0.707106781186547524 +0.000000000000000000 +0.000000000000000000 -0.707106781186547524
000115 +1 -0.500000000000000000 -0.500000000000000000 +0.500000000000000000 +0.500000000000000000 +0.500000000000000000 -0.500000000000000000 -0.500000000000000000 -0.500000000000000000
000116 -1 -0.707106781186547524 +0.000000000000000000 +0.000000000000000000 +0.707106781186547524 +0.000000000000000000 -0.707106781186547524 -0.707106781186547524 +0.000000000000000000
000117 -1 +0.707106781186547524 +0.000000000000000000 -0.707106781186547524 +0.000000000000000000 -0.707106781186547524 +0.000000000000000000 +0.707106781186547524 +0.000000000000000000
000118 -1 +0.500000000000000000 +0.500000000000000000 -0.500000000000000000 +0.500000000000000000 -0.500000000000000000 +0.500000000000000000 +0.500000000000000000 -0.500000000000000000
000119 +1 -0.500000000000000000 +0.500000000000000000 +0.500000000000000000 -0.500000000000000000 +0.500000000000000000 -0.500000000000000000 -0.500000000000000000 -0.500000000000000000
000120 +1 -0.707106781186547524 +0.707106781186547524 +0.000000000000000000 +0.000000000000000000 +0.707106781186547524 +0.707106781186547524 +0.000000000000000000 +0.000000000000000000
000121 -1 +0.000000000000000000 +0.707106781186547524 +0.707106781186547524 +0.000000000000000000 +0.000000000000000000 -0.707106781186547524 -0.707106781186547524 +0.000000000000000000
000122 +1 -0.707106781186547524 +0.000000000000000000 +0.707106781186547524 +0.000000000000000000 +0.000000000000000000 +0.707106781186547524 +0.000000000000000000 -0.707106781186547524
000123 +1 -1.000000000000000000 +0.000000000000000000 +0.000000000000000000 +0.000000000000000000 +0.000000000000000000 +0.000000000000000000 +1.000000000000000000 +0.000000000000000000
000124 -1 -0.500000000000000000 +0.500000000000000000 +0.500000000000000000 +0.500000000000000000 +0.500000000000000000 +0.500000000000000000 -0.500000000000000000 -0.500000000000000000
000125 -1 +0.500000000000000000 -0.500000000000000000 -0.500000000000000000 +0.500000000000000000 -0.500000000000000000 -0.500000000000000000 -0.500000000000000000 +0.500000000000000000
000126 -1 +0.707106781186547524 +0.000000000000000000 +0.000000000000000000 +0.707106781186547524 -0.707106781186547524 +0.000000000000000000 +0.000000000000000000 +0.707106781186547524
000127 +1 -0.707106781186547524 +0.000000000000000000 +0.000000000000000000 -0.707106781186547524 +0.000000000000000000 -0.707106781186547524 -0.707106781186547524 +0.000000000000000000
000128 +1 -0.500000000000000000 +0.500000000000000000 -0.500000000000000000 -0.500000000000000000 +0.500000000000000000 +0.500000000000000000 -0.500000000000000000 -0.500000000000000000
000129 -1 -0.500000000000000000 +0.500000000000000000 +0.500000000000000000 -0.500000000000000000 -0.500000000000000000 -0.500000000000000000 -0.500000000000000000 +0.500000000000000000
000130 +1 -0.707106781186547524 +0.707106781186547524 +0.000000000000000000 +0.000000000000000000 +0.000000000000000000 +0.000000000000000000 +0.707106781186547524 -0.707106781186547524
000131 +1 -1.000000000000000000 +0.000000000000000000 +0.000000000000000000 +0.000000000000000000 +0.000000000000000000 +0.000000000000000000 +0.000000000000000000 -1.000000000000000000
000132 +1 -0.707106781186547524 +0.000000000000000000 -0.707106781186547524 +0.000000000000000000 +0.707106781186547524 +0.000000000000000000 +0.707106781186547524 +0.000000000000000000
000133 -1 -0.707106781186547524 +0.707106781186547524 +0.000000000000000000 +0.000000000000000000 +0.000000000000000000 +0.000000000000000000 -0.707106781186547524 -0.707106781186547524
000134 +1 -0.707106781186547524 +0.000000000000000000 +0.707106781186547524 +0.000000000000000000 +0.707106781186547524 +0.000000000000000000 +0.707106781186547524 +0.000000000000000000
000135 +1 -1.000000000000000000 +0.000000000000000000 +0.000000000000000000 +0.000000000000000000 +0.000000000000000000 +0.000000000000000000 +0.000000000000000000 +1.000000000000000000
000136 -1 -0.500000000000000000 +0.500000000000000000 +0.500000000000000000 +0.500000000000000000 +0.500000000000000000 -0.500000000000000000 +0.500000000000000000 -0.500000000000000000
000137 +1 -0.500000000000000000 -0.500000000000000000 +0.500000000000000000 -0.500000000000000000 +0.500000000000000000 -0.500000000000000000 +0.500000000000000000 -0.500000000000000000
000138 +1 -0.707106781186547524 +0.000000000000000000 +0.000000000000000000 -0.707106781186547524 +0.707106781186547524 +0.000000000000000000 +0.000000000000000000 +0.707106781186547524
000139 -1 -0.707106781186547524 +0.000000000000000000 +0.707106781186547524 +0.000000000000000000 +0.000000000000000000 -0.707106781186547524 +0.000000000000000000 -0.707106781186547524
000140 -1 +0.500000000000000000 +0.500000000000000000 -0.500000000000000000 +0.500000000000000000 -0.500000000000000000 -0.500000000000000000 -0.500000000000000000 -0.500000000000000000
000141 -1 +0.000000000000000000 +0.707106781186547524 +0.000000000000000000 +0.707106781186547524 -0.707106781186547524 +0.000000000000000000 -0.707106781186547524 +0.000000000000000000
000142 -1 -0.500000000000000000 +0.500000000000000000 -0.500000000000000000 -0.500000000000000000 +0.500000000000000000 +0.500000000000000000 +0.500000000000000000 +0.500000000000000000
000143 -1 +0.000000000000000000 +0.000000000000000000 -0.707106781186547524 -0.707106781186547524 +0.707106781186547524 +0.707106781186547524 +0.000000000000000000 +0.000000000000000000
000144 -1 +0.500000000000000000 +0.500000000000000000 -0.500000000000000000 -0.500000000000000000 +0.500000000000000000 -0.500000000000000000 -0.500000000000000000 -0.500000000000000000
000145 -1 +0.000000000000000000 +0.707106781186547524 -0.707106781186547524 +0.000000000000000000 +0.000000000000000000 -0.707106781186547524 -0.707106781186547524 +0.000000000000000000
000146 -1 +0.500000000000000000 +0.500000000000000000 +0.500000000000000000 -0.500000000000000000 -0.500000000000000000 -0.500000000000000000 -0.500000000000000000 -0.500000000000000000
000147 -1 +0.000000000000000000 +0.707106781186547524 +0.000000000000000000 -0.707106781186547524 +0.000000000000000000 -0.707106781186547524 +0.000000000000000000 -0.707106781186547524
000148 -1 -0.500000000000000000 +0.500000000000000000 -0.500000000000000000 -0.500000000000000000 -0.500000000000000000 -0.500000000000000000 -0.500000000000000000 -0.500000000000000000
000149 -1 +0.000000000000000000 +0.707106781186547524 +0.707106781186547524 +0.000000000000000000 -0.707106781186547524 +0.000000000000000000 +0.000000000000000000 -0.707106781186547524
000150 +1 -0.500000000000000000 +0.500000000000000000 -0.500000000000000000 +0.500000000000000000 -0.500000000000000000 +0.500000000000000000 +0.500000000000000000 +0.500000000000000000
000151 +1 +0.000000000000000000 +0.707106781186547524 +0.000000000000000000 +0.707106781186547524 -0.707106781186547524 +0.000000000000000000 -0.707106781186547524 +0.000000000000000000
000152 +1 -0.707106781186547524 +0.000000000000000000 +0.000000000000000000 +0.707106781186547524 -0.707106781186547524 +0.000000000000000000 +0.000000000000000000 -0.707106781186547524
000153 -1 +0.000000000000000000 +0.707106781186547524 +0.000000000000000000 +0.707106781186547524 +0.000000000000000000 +0.707106781186547524 +0.000000000000000000 +0.707106781186547524
000154 +1 +0.000000000000000000 +0.707106781186547524 +0.707106781186547524 +0.000000000000000000 -0.707106781186547524 +0.000000000000000000 +0.000000000000000000 -0.707106781186547524
000155 -1 +0.500000000000000000 +0.500000000000000000 +0.500000000000000000 +0.500000000000000000 -0.500000000000000000 +0.500000000000000000 -0.500000000000000000 -0.500000000000000000
000156 +1 -0.500000000000000000 +0.500000000000000000 +0.500000000000000000 -0.500000000000000000 -0.500000000000000000 +0.500000000000000000 -0.500000000000000000 -0.500000000000000000
000157 -1 +0.000000000000000000 +0.707106781186547524 +0.707106781186547524 +0.000000000000000000 +0.000000000000000000 +0.707106781186547524 -0.707106781186547524 +0.000000000000000000
000158 +1 -0.707106781186547524 +0.000000000000000000 +0.707106781186547524 +0.000000000000000000 -0.707106781186547524 +0.000000000000000000 +0.707106781186547524 +0.000000000000000000
000159 -1 -0.500000000000000000 +0.500000000000000000 +0.500000000000000000 +0.500000000000000000 -0.500000000000000000 +0.500000000000000000 +0.500000000000000000 -0.500000000000000000
000160 -1 +0.500000000000000000 -0.500000000000000000 -0.500000000000000000 +0.500000000000000000 +0.500000000000000000 +0.500000000000000000 -0.500000000000000000 +0.500000000000000000
000161 -1 +0.707106781186547524 +0.000000000000000000 +0.000000000000000000 +0.707106781186547524 +0.707106781186547524 +0.000000000000000000 +0.000000000000000000 +0.707106781186547524
000162 -1 -0.707106781186547524 +0.000000000000000000 -0.707106781186547524 +0.000000000000000000 -0.707106781186547524 +0.000000000000000000 +0.707106781186547524 +0.000000000000000000
000163 +1 -0.707106781186547524 +0.000000000000000000 -0.707106781186547524 +0.000000000000000000 +0.000000000000000000 +0.707106781186547524 +0.000000000000000000 +0.707106781186547524
000164 +1 -0.500000000000000000 +0.500000000000000000 -0.500000000000000000 +0.500000000000000000 -0.500000000000000000 +0.500000000000000000 -0.500000000000000000 -0.500000000000000000
000165 +1 -0.500000000000000000 -0.500000000000000000 -0.500000000000000000 +0.500000000000000000 -0.500000000000000000 +0.500000000000000000 +0.500000000000000000 -0.500000000000000000
000166 -1 +0.000000000000000000 +0.707106781186547524 +0.000000000000000000 +0.707106781186547524 +0.000000000000000000 +0.707106781186547524 +0.000000000000000000 -0.707106781186547524
000167 +1 -0.707106781186547524 +0.000000000000000000 +0.000000000000000000 +0.707106781186547524 -0.707106781186547524 +0.000000000000000000 +0.000000000000000000 +0.707106781186547524
000168 +1 -0.500000000000000000 -0.500000000000000000 +0.500000000000000000 +0.500000000000000000 -0.500000000000000000 +0.500000000000000000 +0.500000000000000000 +0.500000000000000000
000169 -1 -0.707106781186547524 +0.000000000000000000 +0.000000000000000000 +0.707106781186547524 +0.000000000000000000 +0.707106781186547524 +0.707106781186547524 +0.000000000000000000
000170 -1 +0.707106781186547524 +0.000000000000000000 -0.707106781186547524 +0.000000000000000000 +0.707106781186547524 +0.000000000000000000 -0.707106781186547524 +0.000000000000000000
000171 -1 +0.500000000000000000 +0.500000000000000000 -0.500000000000000000 +0.500000000000000000 +0.500000000000000000 -0.500000000000000000 -0.500000000000000000 +0.500000000000000000
000172 +1 -0.500000000000000000 +0.500000000000000000 +0.500000000000000000 -0.500000000000000000 -0.500000000000000000 +0.500000000000000000 +0.500000000000000000 +0.500000000000000000
000173 -1 +0.000000000000000000 +0.707106781186547524 +0.707106781186547524 +0.000000000000000000 +0.000000000000000000 +0.707106781186547524 +0.707106781186547524 +0.000000000000000000
000174 -1 +0.707106781186547524 +0.000000000000000000 +0.000000000000000000 +0.707106781186547524 +0.707106781186547524 +0.000000000000000000 +0.000000000000000000 -0.707106781186547524
000175 +1 -0.707106781186547524 +0.000000000000000000 +0.000000000000000000 -0.707106781186547524 +0.000000000000000000 +0.707106781186547524 +0.707106781186547524 +0.000000000000000000
000176 +1 -0.500000000000000000 +0.500000000000000000 -0.500000000000000000 -0.500000000000000000 -0.500000000000000000 -0.500000000000000000 +0.500000000000000000 +0.500000000000000000
000177 +1 -0.707106781186547524 +0.000000000000000000 -0.707106781186547524 +0.000000000000000000 -0.707106781186547524 +0.000000000000000000 -0.707106781186547524 +0.000000000000000000
000178 -1 -0.707106781186547524 +0.707106781186547524 +0.000000000000000000 +0.000000000000000000 +0.000000000000000000 +0.000000000000000000 +0.707106781186547524 +0.707106781186547524
000179 +1 -0.707106781186547524 +0.000000000000000000 +0.707106781186547524 +0.000000000000000000 -0.707106781186547524 +0.000000000000000000 -0.707106781186547524 +0.000000000000000000
000180 -1 -0.500000000000000000 +0.500000000000000000 +0.500000000000000000 +0.500000000000000000 -0.500000000000000000 +0.500000000000000000 -0.500000000000000000 +0.500000000000000000
000181 +1 -0.500000000000000000 -0.500000000000000000 +0.500000000000000000 -0.500000000000000000 -0.500000000000000000 +0.500000000000000000 -0.500000000000000000 +0.500000000000000000
000182 +1 -0.707106781186547524 +0.000000000000000000 +0.000000000000000000 -0.707106781186547524 -0.707106781186547524 +0.000000000000000000 +0.000000000000000000 -0.707106781186547524
000183 -1 -0.707106781186547524 +0.000000000000000000 +0.707106781186547524 +0.000000000000000000 +0.000000000000000000 +0.707106781186547524 +0.000000000000000000 +0.707106781186547524
000184 -1 +0.500000000000000000 +0.500000000000000000 -0.500000000000000000 +0.500000000000000000 +0.500000000000000000 +0.500000000000000000 +0.500000000000000000 +0.500000000000000000
000185 -1 +0.000000000000000000 +0.707106781186547524 +0.000000000000000000 +0.707106781186547524 +0.707106781186547524 +0.000000000000000000 +0.707106781186547524 +0.000000000000000000
000186 -1 +0.000000000000000000 +0.000000000000000000 -0.707106781186547524 -0.707106781186547524 -0.707106781186547524 -0.707106781186547524 +0.000000000000000000 +0.000000000000000000
000187 -1 +0.500000000000000000 +0.500000000000000000 -0.500000000000000000 -0.500000000000000000 -0.500000000000000000 +0.500000000000000000 +0.500000000000000000 +0.500000000000000000
000188 -1 +0.000000000000000000 +0.707106781186547524 -0.707106781186547524 +0.000000000000000000 +0.000000000000000000 +0.707106781186547524 +0.707106781186547524 +0.000000000000000000
000189 -1 +0.500000000000000000 +0.500000000000000000 +0.500000000000000000 -0.500000000000000000 +0.500000000000000000 +0.500000000000000000 +0.500000000000000000 +0.500000000000000000
000190 -1 +0.000000000000000000 +0.707106781186547524 +0.000000000000000000 -0.707106781186547524 +0.000000000000000000 +0.707106781186547524 +0.000000000000000000 +0.707106781186547524
000191 -1 +0.000000000000000000 +0.707106781186547524 +0.707106781186547524 +0.000000000000000000 +0.707106781186547524 +0.000000000000000000 +0.000000000000000000 +0.707106781186547524
000192 +1 -0.707106781186547524 +0.000000000000000000 -0.707106781186547524 +0.000000000000000000 +0.707106781186547524 +0.000000000000000000 -0.707106781186547524 +0.000000000000000000
000193 +1 -0.500000000000000000 +0.500000000000000000 -0.500000000000000000 +0.500000000000000000 +0.500000000000000000 +0.500000000000000000 +0.500000000000000000 -0.500000000000000000
000194 +1 -0.500000000000000000 -0.500000000000000000 -0.500000000000000000 +0.500000000000000000 +0.500000000000000000 +0.500000000000000000 +0.500000000000000000 +0.500000000000000000
000195 +1 -0.500000000000000000 -0.500000000000000000 +0.500000000000000000 +0.500000000000000000 +0.500000000000000000 +0.500000000000000000 -0.500000000000000000 +0.500000000000000000
000196 -1 -0.707106781186547524 +0.000000000000000000 +0.000000000000000000 +0.707106781186547524 +0.707106781186547524 +0.000000000000000000 +0.000000000000000000 +0.707106781186547524
000197 +1 -0.500000000000000000 +0.500000000000000000 +0.500000000000000000 -0.500000000000000000 +0.500000000000000000 +0.500000000000000000 -0.500000000000000000 +0.500000000000000000
000198 -1 +0.500000000000000000 -0.500000000000000000 -0.500000000000000000 +0.500000000000000000 +0.500000000000000000 -0.500000000000000000 +0.500000000000000000 +0.500000000000000000
000199 -1 +0.707106781186547524 +0.000000000000000000 +0.000000000000000000 +0.707106781186547524 +0.000000000000000000 -0.707106781186547524 +0.707106781186547524 +0.000000000000000000
000200 +1 -0.500000000000000000 +0.500000000000000000 -0.500000000000000000 -0.500000000000000000 -0.500000000000000000 +0.500000000000000000 -0.500000000000000000 +0.500000000000000000
000201 -1 -0.500000000000000000 +0.500000000000000000 +0.500000000000000000 -0.500000000000000000 +0.500000000000000000 -0.500000000000000000 +0.500000000000000000 +0.500000000000000000
000202 +1 -0.707106781186547524 +0.000000000000000000 -0.707106781186547524 +0.000000000000000000 +0.000000000000000000 +0.707106781186547524 +0.000000000000000000 -0.707106781186547524
000203 -1 -0.707106781186547524 +0.707106781186547524 +0.000000000000000000 +0.000000000000000000 +0.000000000000000000 +0.000000000000000000 -0.707106781186547524 +0.707106781186547524
000204 +1 -0.500000000000000000 -0.500000000000000000 +0.500000000000000000 -0.500000000000000000 +0.500000000000000000 +0.500000000000000000 -0.500000000000000000 -0.500000000000000000
000205 -1 -0.500000000000000000 +0.500000000000000000 -0.500000000000000000 -0.500000000000000000 -0.500000000000000000 +0.500000000000000000 +0.500000000000000000 -0.500000000000000000
000206 -1 +0.000000000000000000 +0.000000000000000000 -0.707106781186547524 -0.707106781186547524 -0.707106781186547524 +0.707106781186547524 +0.000000000000000000 +0.000000000000000000
000207 -1 +0.500000000000000000 +0.500000000000000000 -0.500000000000000000 -0.500000000000000000 +0.500000000000000000 +0.500000000000000000 -0.500000000000000000 +0.500000000000000000
000208 -1 +0.000000000000000000 +0.707106781186547524 -0.707106781186547524 +0.000000000000000000 +0.707106781186547524 +0.000000000000000000 +0.000000000000000000 +0.707106781186547524
000209 -1 +0.500000000000000000 +0.500000000000000000 +0.500000000000000000 -0.500000000000000000 +0.500000000000000000 -0.500000000000000000 -0.500000000000000000 +0.500000000000000000
000210 -1 +0.000000000000000000 +0.707106781186547524 +0.000000000000000000 -0.707106781186547524 +0.707106781186547524 +0.000000000000000000 -0.707106781186547524 +0.000000000000000000
000211 -1 -0.500000000000000000 +0.500000000000000000 -0.500000000000000000 -0.500000000000000000 +0.500000000000000000 -0.500000000000000000 -0.500000000000000000 +0.500000000000000000
000212 +1 -0.500000000000000000 -0.500000000000000000 -0.500000000000000000 +0.500000000000000000 +0.500000000000000000 -0.500000000000000000 +0.500000000000000000 -0.500000000000000000
000213 +1 -0.500000000000000000 -0.500000000000000000 -0.500000000000000000 +0.500000000000000000 -0.500000000000000000 +0.500000000000000000 -0.500000000000000000 +0.500000000000000000
000214 -1 -0.500000000000000000 +0.500000000000000000 -0.500000000000000000 +0.500000000000000000 +0.500000000000000000 -0.500000000000000000 +0.500000000000000000 +0.500000000000000000
000215 +1 -0.500000000000000000 -0.500000000000000000 +0.500000000000000000 +0.500000000000000000 +0.500000000000000000 -0.500000000000000000 +0.500000000000000000 +0.500000000000000000
000216 +1 -0.707106781186547524 -0.707106781186547524 +0.000000000000000000 +0.000000000000000000 +0.000000000000000000 +0.000000000000000000 -0.707106781186547524 +0.707106781186547524
000217 -1 -0.707106781186547524 +0.000000000000000000 +0.000000000000000000 +0.707106781186547524 +0.000000000000000000 -0.707106781186547524 +0.707106781186547524 +0.000000000000000000
000218 +1 -0.500000000000000000 -0.500000000000000000 -0.500000000000000000 +0.500000000000000000 +0.500000000000000000 +0.500000000000000000 -0.500000000000000000 -0.500000000000000000
000219 +1 +0.000000000000000000 -0.707106781186547524 +0.000000000000000000 +0.707106781186547524 +0.707106781186547524 +0.000000000000000000 -0.707106781186547524 +0.000000000000000000
000220 -1 -0.500000000000000000 -0.500000000000000000 -0.500000000000000000 +0.500000000000000000 +0.500000000000000000 -0.500000000000000000 -0.500000000000000000 +0.500000000000000000
000221 -1 +0.500000000000000000 +0.500000000000000000 -0.500000000000000000 -0.500000000000000000 -0.500000000000000000 -0.500000000000000000 +0.500000000000000000 -0.500000000000000000
000222 -1 +0.000000000000000000 +0.707106781186547524 -0.707106781186547524 +0.000000000000000000 -0.707106781186547524 +0.000000000000000000 +0.000000000000000000 -0.707106781186547524
000223 +1 -0.500000000000000000 -0.500000000000000000 +0.500000000000000000 +0.500000000000000000 -0.500000000000000000 +0.500000000000000000 -0.500000000000000000 -0.500000000000000000
000224 +1 -0.707106781186547524 -0.707106781186547524 +0.000000000000000000 +0.000000000000000000 +0.000000000000000000 +0.000000000000000000 +0.707106781186547524 -0.707106781186547524
000225 -1 -0.707106781186547524 +0.000000000000000000 +0.000000000000000000 +0.707106781186547524 +0.000000000000000000 +0.707106781186547524 -0.707106781186547524 +0.000000000000000000
000226 -1 +0.707106781186547524 +0.000000000000000000 -0.707106781186547524 +0.000000000000000000 +0.000000000000000000 -0.707106781186547524 +0.000000000000000000 +0.707106781186547524
000227 -1 +0.500000000000000000 +0.500000000000000000 -0.500000000000000000 +0.500000000000000000 -0.500000000000000000 -0.500000000000000000 +0.500000000000000000 +0.500000000000000000
000228 +1 -0.500000000000000000 -0.500000000000000000 +0.500000000000000000 -0.500000000000000000 +0.500000000000000000 -0.500000000000000000 -0.500000000000000000 +0.500000000000000000
000229 +1 -0.707106781186547524 +0.000000000000000000 +0.000000000000000000 -0.707106781186547524 +0.000000000000000000 +0.707106781186547524 -0.707106781186547524 +0.000000000000000000
000230 -1 -0.707106781186547524 +0.000000000000000000 +0.707106781186547524 +0.000000000000000000 +0.000000000000000000 -0.707106781186547524 +0.000000000000000000 +0.707106781186547524
000231 +1 -0.707106781186547524 -0.707106781186547524 +0.000000000000000000 +0.000000000000000000 +0.000000000000000000 +0.000000000000000000 -0.707106781186547524 -0.707106781186547524
000232 -1 -1.000000000000000000 +0.000000000000000000 +0.000000000000000000 +0.000000000000000000 +0.000000000000000000 +0.000000000000000000 -1.000000000000000000 +0.000000000000000000
000233 +1 -0.500000000000000000 -0.500000000000000000 +0.500000000000000000 +0.500000000000000000 +0.500000000000000000 +0.500000000000000000 +0.500000000000000000 -0.500000000000000000
000234 +1 -0.707106781186547524 -0.707106781186547524 +0.000000000000000000 +0.000000000000000000 +0.000000000000000000 +0.000000000000000000 +0.707106781186547524 +0.707106781186547524
000235 -1 -0.707106781186547524 +0.000000000000000000 +0.000000000000000000 +0.707106781186547524 +0.707106781186547524 +0.000000000000000000 +0.000000000000000000 -0.707106781186547524
000236 +1 +0.000000000000000000 -0.707106781186547524 +0.707106781186547524 +0.000000000000000000 +0.707106781186547524 +0.000000000000000000 +0.000000000000000000 -0.707106781186547524
000237 +1 -0.500000000000000000 -0.500000000000000000 +0.500000000000000000 -0.500000000000000000 +0.500000000000000000 +0.500000000000000000 +0.500000000000000000 +0.500000000000000000
000238 -1 -0.500000000000000000 +0.500000000000000000 -0.500000000000000000 +0.500000000000000000 -0.500000000000000000 -0.500000000000000000 -0.500000000000000000 +0.500000000000000000
000239 -1 +0.000000000000000000 +0.000000000000000000 +0.000000000000000000 -1.000000000000000000 +0.000000000000000000 +1.000000000000000000 +0.000000000000000000 +0.000000000000000000
000240 +1 -0.707106781186547524 +0.000000000000000000 +0.000000000000000000 -0.707106781186547524 +0.707106781186547524 +0.000000000000000000 +0.000000000000000000 -0.707106781186547524
000241 +1 -0.500000000000000000 +0.500000000000000000 -0.500000000000000000 -0.500000000000000000 +0.500000000000000000 +0.500000000000000000 +0.500000000000000000 +0.500000000000000000
000242 +1 -0.707106781186547524 +0.000000000000000000 -0.707106781186547524 +0.000000000000000000 -0.707106781186547524 +0.000000000000000000 +0.707106781186547524 +0.000000000000000000
000243 +1 -0.500000000000000000 -0.500000000000000000 +0.500000000000000000 -0.500000000000000000 -0.500000000000000000 +0.500000000000000000 +0.500000000000000000 -0.500000000000000000
000244 +1 -0.707106781186547524 +0.000000000000000000 +0.000000000000000000 -0.707106781186547524 +0.000000000000000000 -0.707106781186547524 +0.707106781186547524 +0.000000000000000000
000245 -1 -1.000000000000000000 +0.000000000000000000 +0.000000000000000000 +0.000000000000000000 +0.000000000000000000 +0.000000000000000000 +1.000000000000000000 +0.000000000000000000
000246 -1 +0.500000000000000000 +0.500000000000000000 -0.500000000000000000 +0.500000000000000000 +0.500000000000000000 +0.500000000000000000 -0.500000000000000000 -0.500000000000000000
000247 -1 -0.500000000000000000 +0.500000000000000000 -0.500000000000000000 -0.500000000000000000 -0.500000000000000000 -0.500000000000000000 +0.500000000000000000 +0.500000000000000000
000248 -1 +0.000000000000000000 +0.000000000000000000 -0.707106781186547524 -0.707106781186547524 +0.000000000000000000 +0.000000000000000000 +0.707106781186547524 +0.707106781186547524
000249 +1 +0.000000000000000000 +0.000000000000000000 -0.707106781186547524 -0.707106781186547524 +0.707106781186547524 +0.707106781186547524 +0.000000000000000000 +0.000000000000000000
000250 +1 -0.500000000000000000 +0.500000000000000000 -0.500000000000000000 -0.500000000000000000 -0.500000000000000000 +0.500000000000000000 +0.500000000000000000 -0.500000000000000000
000251 +1 +0.000000000000000000 +0.000000000000000000 -1.000000000000000000 +0.000000000000000000 +0.000000000000000000 +0.000000000000000000 +1.000000000000000000 -0.000000000000000000
000252 -1 -0.500000000000000000 +0.500000000000000000 -0.500000000000000000 -0.500000000000000000 +0.500000000000000000 +0.500000000000000000 -0.500000000000000000 -0.500000000000000000
000253 +1 -0.707106781186547524 +0.000000000000000000 -0.707106781186547524 +0.000000000000000000 +0.000000000000000000 -0.707106781186547524 +0.000000000000000000 +0.707106781186547524
000254 -1 -0.707106781186547524 +0.707106781186547524 +0.000000000000000000 +0.000000000000000000 +0.000000000000000000 +0.000000000000000000 +0.707106781186547524 -0.707106781186547524
000255 -1 -1.000000000000000000 +0.000000000000000000 +0.000000000000000000 +0.000000000000000000 +0.000000000000000000 +0.000000000000000000 +0.000000000000000000 -1.000000000000000000
000256 -1 -0.707106781186547524 +0.000000000000000000 -0.707106781186547524 +0.000000000000000000 +0.707106781186547524 +0.000000000000000000 +0.707106781186547524 +0.000000000000000000
000257 -1 +0.707106781186547524 +0.707106781186547524 +0.000000000000000000 +0.000000000000000000 +0.000000000000000000 +0.000000000000000000 -0.707106781186547524 -0.707106781186547524
000258 -1 +0.000000000000000000 +1.000000000000000000 +0.000000000000000000 +0.000000000000000000 +0.000000000000000000 +0.000000000000000000 -1.000000000000000000 +0.000000000000000000
000259 +1 -0.707106781186547524 +0.000000000000000000 +0.000000000000000000 -0.707106781186547524 -0.707106781186547524 +0.000000000000000000 +0.000000000000000000 +0.707106781186547524
000260 -1 -0.707106781186547524 +0.000000000000000000 +0.707106781186547524 +0.000000000000000000 +0.707106781186547524 +0.000000000000000000 +0.707106781186547524 +0.000000000000000000
000261 -1 -1.000000000000000000 +0.000000000000000000 +0.000000000000000000 +0.000000000000000000 +0.000000000000000000 +0.000000000000000000 +0.000000000000000000 +1.000000000000000000
000262 -1 +0.500000000000000000 +0.500000000000000000 -0.500000000000000000 +0.500000000000000000 +0.500000000000000000 -0.500000000000000000 +0.500000000000000000 -0.500000000000000000
000263 +1 +0.000000000000000000 +0.000000000000000000 +0.000000000000000000 -1.000000000000000000 +0.000000000000000000 +0.000000000000000000 +0.000000000000000000 +1.000000000000000000
000264 -1 -0.500000000000000000 -0.500000000000000000 +0.500000000000000000 -0.500000000000000000 +0.500000000000000000 -0.500000000000000000 +0.500000000000000000 -0.500000000000000000
000265 +1 +0.000000000000000000 +0.000000000000000000 -0.707106781186547524 -0.707106781186547524 -0.707106781186547524 +0.707106781186547524 +0.000000000000000000 +0.000000000000000000
000266 -1 +0.000000000000000000 +0.000000000000000000 +0.000000000000000000 -1.000000000000000000 -1.000000000000000000 +0.000000000000000000 +0.000000000000000000 +0.000000000000000000
000267 -1 +0.000000000000000000 +0.707106781186547524 +0.000000000000000000 -0.707106781186547524 +0.707106781186547524 +0.000000000000000000 +0.707106781186547524 +0.000000000000000000
000268 -1 +0.000000000000000000 +0.000000000000000000 +1.000000000000000000 +0.000000000000000000 +1.000000000000000000 +0.000000000000000000 +0.000000000000000000 +0.000000000000000000
000269 -1 +0.000000000000000000 +0.000000000000000000 +0.707106781186547524 -0.707106781186547524 +0.707106781186547524 +0.707106781186547524 +0.000000000000000000 +0.000000000000000000
000270 -1 +0.000000000000000000 +0.000000000000000000 +0.000000000000000000 -1.000000000000000000 +1.000000000000000000 +0.000000000000000000 +0.000000000000000000 +0.000000000000000000
000271 -1 +0.500000000000000000 +0.500000000000000000 -0.500000000000000000 -0.500000000000000000 -0.500000000000000000 -0.500000000000000000 -0.500000000000000000 +0.500000000000000000
000272 -1 +0.000000000000000000 +0.000000000000000000 +0.707106781186547524 -0.707106781186547524 -0.707106781186547524 -0.707106781186547524 +0.000000000000000000 +0.000000000000000000
000273 +1 +0.000000000000000000 +0.707106781186547524 -0.707106781186547524 +0.000000000000000000 +0.000000000000000000 -0.707106781186547524 -0.707106781186547524 +0.000000000000000000
000274 +1 +0.000000000000000000 +0.707106781186547524 +0.000000000000000000 -0.707106781186547524 +0.000000000000000000 -0.707106781186547524 +0.000000000000000000 -0.707106781186547524
000275 -1 +0.000000000000000000 +0.707106781186547524 +0.000000000000000000 -0.707106781186547524 -0.707106781186547524 +0.000000000000000000 -0.707106781186547524 +0.000000000000000000
000276 -1 +0.000000000000000000 +0.000000000000000000 +1.000000000000000000 +0.000000000000000000 -1.000000000000000000 +0.000000000000000000 +0.000000000000000000 +0.000000000000000000
000277 +1 -0.500000000000000000 +0.500000000000000000 -0.500000000000000000 -0.500000000000000000 -0.500000000000000000 -0.500000000000000000 -0.500000000000000000 -0.500000000000000000
000278 +1 -0.500000000000000000 +0.500000000000000000 -0.500000000000000000 +0.500000000000000000 -0.500000000000000000 -0.500000000000000000 -0.500000000000000000 +0.500000000000000000
000279 +1 -0.500000000000000000 -0.500000000000000000 -0.500000000000000000 +0.500000000000000000 -0.500000000000000000 -0.500000000000000000 -0.500000000000000000 -0.500000000000000000
000280 +1 -0.500000000000000000 -0.500000000000000000 +0.500000000000000000 +0.500000000000000000 -0.500000000000000000 -0.500000000000000000 +0.500000000000000000 -0.500000000000000000
000281 -1 -0.707106781186547524 +0.000000000000000000 +0.000000000000000000 +0.707106781186547524 -0.707106781186547524 +0.000000000000000000 +0.000000000000000000 -0.707106781186547524
000282 +1 -0.500000000000000000 +0.500000000000000000 +0.500000000000000000 -0.500000000000000000 -0.500000000000000000 -0.500000000000000000 +0.500000000000000000 -0.500000000000000000
000283 -1 +0.707106781186547524 +0.000000000000000000 +0.000000000000000000 +0.707106781186547524 +0.000000000000000000 +0.707106781186547524 -0.707106781186547524 +0.000000000000000000
000284 +1 -0.500000000000000000 +0.500000000000000000 -0.500000000000000000 -0.500000000000000000 +0.500000000000000000 -0.500000000000000000 +0.500000000000000000 -0.500000000000000000
000285 +1 -0.500000000000000000 -0.500000000000000000 +0.500000000000000000 -0.500000000000000000 -0.500000000000000000 -0.500000000000000000 +0.500000000000000000 +0.500000000000000000
000286 -1 +0.000000000000000000 +0.000000000000000000 -0.707106781186547524 -0.707106781186547524 +0.707106781186547524 -0.707106781186547524 +0.000000000000000000 +0.000000000000000000
000287 -1 +0.000000000000000000 +0.707106781186547524 +0.000000000000000000 -0.707106781186547524 -0.707106781186547524 +0.000000000000000000 +0.707106781186547524 +0.000000000000000000
000288 -1 -0.500000000000000000 +0.500000000000000000 -0.500000000000000000 +0.500000000000000000 -0.500000000000000000 +0.500000000000000000 -0.500000000000000000 -0.500000000000000000
000289 +1 -0.500000000000000000 -0.500000000000000000 -0.500000000000000000 +0.500000000000000000 -0.500000000000000000 -0.500000000000000000 +0.500000000000000000 +0.500000000000000000
000290 +1 +0.000000000000000000 -0.707106781186547524 +0.000000000000000000 +0.707106781186547524 -0.707106781186547524 +0.000000000000000000 +0.707106781186547524 +0.000000000000000000
000291 +1 -0.500000000000000000 -0.500000000000000000 +0.500000000000000000 +0.500000000000000000 -0.500000000000000000 -0.500000000000000000 -0.500000000000000000 +0.500000000000000000
000292 -1 -0.707106781186547524 +0.000000000000000000 +0.000000000000000000 +0.707106781186547524 -0.707106781186547524 +0.000000000000000000 +0.000000000000000000 +0.707106781186547524
000293 +1 +0.000000000000000000 -0.707106781186547524 +0.707106781186547524 +0.000000000000000000 -0.707106781186547524 +0.000000000000000000 +0.000000000000000000 +0.707106781186547524
000294 +1 -0.500000000000000000 -0.500000000000000000 +0.500000000000000000 -0.500000000000000000 -0.500000000000000000 -0.500000000000000000 -0.500000000000000000 -0.500000000000000000
000295 -1 -0.500000000000000000 +0.500000000000000000 -0.500000000000000000 +0.500000000000000000 +0.500000000000000000 +0.500000000000000000 +0.500000000000000000 -0.500000000000000000
000296 -1 +0.000000000000000000 +0.000000000000000000 +0.000000000000000000 -1.000000000000000000 +0.000000000000000000 -1.000000000000000000 +0.000000000000000000 +0.000000000000000000
000297 -1 +0.000000000000000000 +0.000000000000000000 -0.707106781186547524 -0.707106781186547524 +0.000000000000000000 +0.000000000000000000 -0.707106781186547524 -0.707106781186547524
000298 +1 +0.000000000000000000 +0.000000000000000000 -0.707106781186547524 -0.707106781186547524 -0.707106781186547524 -0.707106781186547524 +0.000000000000000000 +0.000000000000000000
000299 +1 -0.500000000000000000 +0.500000000000000000 -0.500000000000000000 -0.500000000000000000 +0.500000000000000000 -0.500000000000000000 -0.500000000000000000 +0.500000000000000000
000300 +1 +0.000000000000000000 +0.000000000000000000 -1.000000000000000000 +0.000000000000000000 -0.000000000000000000 +0.000000000000000000 -1.000000000000000000 +0.000000000000000000
000301 -1 -0.707106781186547524 +0.000000000000000000 -0.707106781186547524 +0.000000000000000000 -0.707106781186547524 +0.000000000000000000 -0.707106781186547524 +0.000000000000000000
000302 -1 +0.707106781186547524 +0.707106781186547524 +0.000000000000000000 +0.000000000000000000 +0.000000000000000000 +0.000000000000000000 +0.707106781186547524 +0.707106781186547524
000303 -1 +0.000000000000000000 +1.000000000000000000 +0.000000000000000000 +0.000000000000000000 +0.000000000000000000 +0.000000000000000000 +1.000000000000000000 +0.000000000000000000
000304 -1 -0.707106781186547524 +0.000000000000000000 +0.707106781186547524 +0.000000000000000000 -0.707106781186547524 +0.000000000000000000 -0.707106781186547524 +0.000000000000000000
000305 +1 +0.000000000000000000 +0.000000000000000000 +0.000000000000000000 -1.000000000000000000 +0.000000000000000000 +0.000000000000000000 +0.000000000000000000 -1.000000000000000000
000306 +1 +0.000000000000000000 +0.000000000000000000 -0.707106781186547524 -0.707106781186547524 +0.707106781186547524 -0.707106781186547524 +0.000000000000000000 +0.000000000000000000
000307 -1 +0.500000000000000000 +0.500000000000000000 -0.500000000000000000 -0.500000000000000000 +0.500000000000000000 +0.500000000000000000 +0.500000000000000000 -0.500000000000000000
000308 +1 +0.000000000000000000 +0.707106781186547524 -0.707106781186547524 +0.000000000000000000 +0.000000000000000000 +0.707106781186547524 +0.707106781186547524 +0.000000000000000000
000309 +1 +0.000000000000000000 +0.707106781186547524 +0.000000000000000000 -0.707106781186547524 +0.000000000000000000 +0.707106781186547524 +0.000000000000000000 +0.707106781186547524
000310 +1 +0.000000000000000000 -0.707106781186547524 +0.707106781186547524 +0.000000000000000000 +0.000000000000000000 +0.707106781186547524 -0.707106781186547524 +0.000000000000000000
000311 -1 -0.500000000000000000 +0.500000000000000000 -0.500000000000000000 -0.500000000000000000 +0.500000000000000000 -0.500000000000000000 +0.500000000000000000 -0.500000000000000000
000312 -1 +0.000000000000000000 +0.000000000000000000 -0.707106781186547524 -0.707106781186547524 +0.000000000000000000 +0.000000000000000000 +0.707106781186547524 -0.707106781186547524
000313 +1 +0.000000000000000000 +0.000000000000000000 -1.000000000000000000 +0.000000000000000000 +0.000000000000000000 +0.000000000000000000 -0.000000000000000000 -1.000000000000000000
000314 -1 -0.500000000000000000 +0.500000000000000000 -0.500000000000000000 -0.500000000000000000 -0.500000000000000000 +0.500000000000000000 -0.500000000000000000 +0.500000000000000000
000315 -1 -0.707106781186547524 +0.000000000000000000 -0.707106781186547524 +0.000000000000000000 +0.000000000000000000 +0.707106781186547524 +0.000000000000000000 -0.707106781186547524
000316 -1 +0.707106781186547524 +0.707106781186547524 +0.000000000000000000 +0.000000000000000000 +0.000000000000000000 +0.000000000000000000 -0.707106781186547524 +0.707106781186547524
000317 -1 +0.000000000000000000 +1.000000000000000000 +0.000000000000000000 +0.000000000000000000 +0.000000000000000000 +0.000000000000000000 +0.000000000000000000 +1.000000000000000000
000318 +1 +0.000000000000000000 +0.000000000000000000 +0.000000000000000000 -1.000000000000000000 +0.000000000000000000 +0.000000000000000000 +1.000000000000000000 +0.000000000000000000
000319 -1 +0.000000000000000000 +0.707106781186547524 +0.000000000000000000 -0.707106781186547524 +0.000000000000000000 +0.707106781186547524 +0.000000000000000000 -0.707106781186547524
000320 -1 +0.000000000000000000 +0.000000000000000000 +1.000000000000000000 +0.000000000000000000 +0.000000000000000000 +1.000000000000000000 +0.000000000000000000 +0.000000000000000000
000321 -1 +0.000000000000000000 +0.000000000000000000 +0.707106781186547524 -0.707106781186547524 -0.707106781186547524 +0.707106781186547524 +0.000000000000000000 +0.000000000000000000
000322 -1 +0.500000000000000000 +0.500000000000000000 -0.500000000000000000 -0.500000000000000000 +0.500000000000000000 -0.500000000000000000 +0.500000000000000000 +0.500000000000000000
000323 -1 +0.000000000000000000 +0.000000000000000000 +0.707106781186547524 -0.707106781186547524 +0.707106781186547524 -0.707106781186547524 +0.000000000000000000 +0.000000000000000000
000324 +1 +0.000000000000000000 +0.707106781186547524 -0.707106781186547524 +0.000000000000000000 +0.707106781186547524 +0.000000000000000000 +0.000000000000000000 +0.707106781186547524
000325 -1 +0.000000000000000000 +0.707106781186547524 +0.000000000000000000 -0.707106781186547524 +0.000000000000000000 -0.707106781186547524 +0.000000000000000000 +0.707106781186547524
000326 -1 +0.000000000000000000 +0.000000000000000000 +1.000000000000000000 +0.000000000000000000 +0.000000000000000000 -1.000000000000000000 +0.000000000000000000 +0.000000000000000000
000327 +1 +0.000000000000000000 -0.707106781186547524 +0.000000000000000000 +0.707106781186547524 +0.707106781186547524 +0.000000000000000000 +0.707106781186547524 +0.000000000000000000
000328 +1 +0.000000000000000000 -1.000000000000000000 +0.000000000000000000 +0.000000000000000000 +0.000000000000000000 +0.000000000000000000 +0.000000000000000000 +1.000000000000000000
000329 -1 -0.500000000000000000 -0.500000000000000000 -0.500000000000000000 +0.500000000000000000 +0.500000000000000000 -0.500000000000000000 +0.500000000000000000 -0.500000000000000000
000330 +1 +0.000000000000000000 -0.707106781186547524 +0.000000000000000000 +0.707106781186547524 -0.707106781186547524 +0.000000000000000000 -0.707106781186547524 +0.000000000000000000
000331 +1 +0.000000000000000000 -1.000000000000000000 +0.000000000000000000 +0.000000000000000000 +0.000000000000000000 +0.000000000000000000 -0.000000000000000000 -1.000000000000000000
000332 -1 -0.500000000000000000 -0.500000000000000000 -0.500000000000000000 +0.500000000000000000 -0.500000000000000000 +0.500000000000000000 -0.500000000000000000 +0.500000000000000000
000333 -1 +0.000000000000000000 +0.707106781186547524 -0.707106781186547524 +0.000000000000000000 +0.000000000000000000 -0.707106781186547524 +0.707106781186547524 +0.000000000000000000
000334 +1 +0.000000000000000000 -0.707106781186547524 +0.707106781186547524 +0.000000000000000000 +0.707106781186547524 +0.000000000000000000 +0.000000000000000000 +0.707106781186547524
000335 -1 -0.500000000000000000 -0.500000000000000000 +0.500000000000000000 +0.500000000000000000 +0.500000000000000000 -0.500000000000000000 +0.500000000000000000 +0.500000000000000000
000336 +1 +0.000000000000000000 -1.000000000000000000 +0.000000000000000000 +0.000000000000000000 +0.000000000000000000 +0.000000000000000000 -1.000000000000000000 +0.000000000000000000
000337 -1 -0.707106781186547524 -0.707106781186547524 +0.000000000000000000 +0.000000000000000000 +0.000000000000000000 +0.000000000000000000 -0.707106781186547524 +0.707106781186547524
000338 +1 +0.000000000000000000 -0.707106781186547524 +0.000000000000000000 +0.707106781186547524 +0.000000000000000000 +0.707106781186547524 +0.000000000000000000 -0.707106781186547524
000339 +1 +0.000000000000000000 -1.000000000000000000 +0.000000000000000000 +0.000000000000000000 -0.000000000000000000 +0.000000000000000000 +1.000000000000000000 -0.000000000000000000
000340 -1 -0.500000000000000000 -0.500000000000000000 -0.500000000000000000 +0.500000000000000000 +0.500000000000000000 +0.500000000000000000 -0.500000000000000000 -0.500000000000000000
000341 -1 -0.707106781186547524 +0.000000000000000000 -0.707106781186547524 +0.000000000000000000 +0.000000000000000000 -0.707106781186547524 +0.000000000000000000 +0.707106781186547524
000342 -1 +0.000000000000000000 +0.707106781186547524 -0.707106781186547524 +0.000000000000000000 +0.000000000000000000 +0.707106781186547524 -0.707106781186547524 +0.000000000000000000
000343 -1 +0.000000000000000000 +0.000000000000000000 +0.000000000000000000 -1.000000000000000000 +0.000000000000000000 +0.000000000000000000 +1.000000000000000000 +0.000000000000000000
000344 +1 +0.000000000000000000 +0.000000000000000000 +0.000000000000000000 -1.000000000000000000 +0.000000000000000000 +1.000000000000000000 +0.000000000000000000 +0.000000000000000000
000345 +1 +0.000000000000000000 +0.000000000000000000 -0.707106781186547524 -0.707106781186547524 +0.000000000000000000 +0.000000000000000000 +0.707106781186547524 -0.707106781186547524
000346 -1 +0.000000000000000000 +0.707106781186547524 -0.707106781186547524 +0.000000000000000000 +0.707106781186547524 +0.000000000000000000 +0.000000000000000000 -0.707106781186547524
000347 +1 +0.000000000000000000 +0.000000000000000000 +0.707106781186547524 -0.707106781186547524 +0.000000000000000000 +0.000000000000000000 +0.707106781186547524 +0.707106781186547524
000348 -1 +0.000000000000000000 -0.707106781186547524 +0.707106781186547524 +0.000000000000000000 +0.707106781186547524 +0.000000000000000000 +0.000000000000000000 -0.707106781186547524
000349 +1 +0.000000000000000000 +0.000000000000000000 +0.000000000000000000 -1.000000000000000000 -1.000000000000000000 +0.000000000000000000 +0.000000000000000000 +0.000000000000000000
000350 +1 +0.000000000000000000 +0.000000000000000000 -0.707106781186547524 -0.707106781186547524 +0.000000000000000000 +0.000000000000000000 +0.707106781186547524 +0.707106781186547524
000351 +1 +0.000000000000000000 +0.000000000000000000 -1.000000000000000000 +0.000000000000000000 -1.000000000000000000 +0.000000000000000000 +0.000000000000000000 +0.000000000000000000
000352 +1 +0.000000000000000000 +0.000000000000000000 +0.000000000000000000 -1.000000000000000000 +0.000000000000000000 -1.000000000000000000 +0.000000000000000000 +0.000000000000000000
000353 +1 +0.000000000000000000 +0.000000000000000000 -0.707106781186547524 -0.707106781186547524 +0.000000000000000000 +0.000000000000000000 -0.707106781186547524 +0.707106781186547524
000354 -1 +0.000000000000000000 +0.000000000000000000 +0.000000000000000000 -1.000000000000000000 +0.000000000000000000 +0.000000000000000000 -1.000000000000000000 +0.000000000000000000
000355 -1 +0.000000000000000000 +0.000000000000000000 +1.000000000000000000 +0.000000000000000000 +0.000000000000000000 +0.000000000000000000 +1.000000000000000000 +0.000000000000000000
000356 -1 +0.000000000000000000 +0.000000000000000000 +0.707106781186547524 -0.707106781186547524 +0.000000000000000000 +0.000000000000000000 +0.707106781186547524 +0.707106781186547524
000357 +1 +0.000000000000000000 +0.000000000000000000 -1.000000000000000000 +0.000000000000000000 +0.000000000000000000 +1.000000000000000000 +0.000000000000000000 +0.000000000000000000
000358 +1 +0.000000000000000000 +0.000000000000000000 -1.000000000000000000 +0.000000000000000000 +0.000000000000000000 -1.000000000000000000 +0.000000000000000000 +0.000000000000000000
000359 +1 +0.000000000000000000 +0.000000000000000000 -1.000000000000000000 +0.000000000000000000 +0.000000000000000000 +0.000000000000000000 +0.000000000000000000 +1.000000000000000000
000360 +1 +0.000000000000000000 +0.000000000000000000 -0.707106781186547524 +0.707106781186547524 +0.000000000000000000 +0.000000000000000000 +0.707106781186547524 +0.707106781186547524
000361 -1 +0.000000000000000000 +0.000000000000000000 -1.000000000000000000 +0.000000000000000000 +0.000000000000000000 +0.000000000000000000 +1.000000000000000000 -0.000000000000000000
000362 -1 +0.500000000000000000 +0.500000000000000000 +0.500000000000000000 -0.500000000000000000 +0.500000000000000000 +0.500000000000000000 -0.500000000000000000 -0.500000000000000000
000363 -1 +0.000000000000000000 +1.000000000000000000 +0.000000000000000000 +0.000000000000000000 +0.000000000000000000 +0.000000000000000000 +0.000000000000000000 -1.000000000000000000
000364 +1 +0.000000000000000000 +0.000000000000000000 -0.707106781186547524 -0.707106781186547524 +0.000000000000000000 +0.000000000000000000 -0.707106781186547524 -0.707106781186547524
000365 -1 +0.000000000000000000 +0.000000000000000000 +0.000000000000000000 -1.000000000000000000 +0.000000000000000000 +0.000000000000000000 +0.000000000000000000 -1.000000000000000000
000366 +1 +0.000000000000000000 +0.000000000000000000 +0.000000000000000000 -1.000000000000000000 +0.000000000000000000 +0.000000000000000000 -1.000000000000000000 +0.000000000000000000
000367 -1 +0.000000000000000000 +0.000000000000000000 +0.000000000000000000 -1.000000000000000000 +0.000000000000000000 +0.000000000000000000 +0.000000000000000000 +1.000000000000000000
000368 +1 +0.000000000000000000 +0.000000000000000000 +0.707106781186547524 -0.707106781186547524 +0.707106781186547524 +0.707106781186547524 +0.000000000000000000 +0.000000000000000000
000369 +1 +0.000000000000000000 +0.000000000000000000 +0.000000000000000000 -1.000000000000000000 +1.000000000000000000 +0.000000000000000000 +0.000000000000000000 +0.000000000000000000
000370 +1 +0.000000000000000000 +0.000000000000000000 +0.707106781186547524 -0.707106781186547524 -0.707106781186547524 -0.707106781186547524 +0.000000000000000000 +0.000000000000000000
000371 +1 +0.000000000000000000 +0.000000000000000000 +1.000000000000000000 +0.000000000000000000 -1.000000000000000000 +0.000000000000000000 +0.000000000000000000 +0.000000000000000000
000372 +1 +0.000000000000000000 -0.707106781186547524 +0.707106781186547524 +0.000000000000000000 +0.000000000000000000 -0.707106781186547524 +0.707106781186547524 +0.000000000000000000
000373 -1 +0.000000000000000000 +0.000000000000000000 -0.707106781186547524 -0.707106781186547524 +0.000000000000000000 +0.000000000000000000 -0.707106781186547524 +0.707106781186547524
000374 +1 +0.000000000000000000 -0.707106781186547524 +0.000000000000000000 +0.707106781186547524 +0.000000000000000000 -0.707106781186547524 +0.000000000000000000 +0.707106781186547524
000375 -1 +0.000000000000000000 +0.000000000000000000 +0.707106781186547524 -0.707106781186547524 +0.000000000000000000 +0.000000000000000000 -0.707106781186547524 -0.707106781186547524
000376 +1 +0.000000000000000000 +0.000000000000000000 +0.707106781186547524 -0.707106781186547524 +0.000000000000000000 +0.000000000000000000 +0.707106781186547524 -0.707106781186547524
000377 -1 +0.000000000000000000 +0.000000000000000000 +1.000000000000000000 +0.000000000000000000 +0.000000000000000000 +0.000000000000000000 +0.000000000000000000 -1.000000000000000000
000378 -1 +0.000000000000000000 +0.000000000000000000 +0.707106781186547524 -0.707106781186547524 +0.000000000000000000 +0.000000000000000000 +0.707106781186547524 -0.707106781186547524
000379 +1 +0.000000000000000000 +0.000000000000000000 -0.707106781186547524 +0.707106781186547524 -0.000000000000000000 +0.000000000000000000 +0.707106781186547524 -0.707106781186547524
000380 -1 +0.000000000000000000 +0.000000000000000000 -1.000000000000000000 +0.000000000000000000 +0.000000000000000000 +0.000000000000000000 -0.000000000000000000 -1.000000000000000000
000381 +1 +0.000000000000000000 +0.000000000000000000 +0.707106781186547524 -0.707106781186547524 -0.707106781186547524 +0.707106781186547524 +0.000000000000000000 +0.000000000000000000
000382 +1 +0.000000000000000000 +0.000000000000000000 +0.707106781186547524 -0.707106781186547524 +0.707106781186547524 -0.707106781186547524 +0.000000000000000000 +0.000000000000000000
000383 -1 +0.000000000000000000 +0.000000000000000000 +0.707106781186547524 -0.707106781186547524 +0.000000000000000000 +0.000000000000000000 -0.707106781186547524 +0.707106781186547524
