5.2367e-16 5.2367e-16 5.2367e-16 5.2367e-16 5.2367e-16 5.2367e-16 5.2367e-16 5.2367e-16 5.2367e-16 5.2367e-16 5.2367e-16 5.2367e-16 5.2367e-16 5.2367e-16 5.2367e-16 5.2367e-16 5.2367e-16 5.2367e-16 5.2367e-16 5.2367e-16 5.2367e-16 5.2367e-16 5.2367e-16 5.2367e-16 5.2367e-16 5.2367e-16 5.2367e-16 5.2367e-16 5.2367e-16 5.2367e-16 5.2367e-16 5.2367e-16 5.2367e-16 5.2367e-16 5.2367e-16 5.2367e-16 5.2367e-16 5.2367e-16 5.2367e-16 5.2367e-16 5.2367e-16 5.2367e-16 5.2367e-16 5.2367e-16 5.2367e-16 5.2367e-16 5.2367e-16 5.2367e-16 5.2367e-16 5.2367e-16 5.2367e-16 5.2367e-16 5.2367e-16 5.2367e-16 5.2367e-16 5.2367e-16 
1.09055 1.09055 1.09055 1.09055 1.09055 1.09055 1.09055 1.09055 1.09055 1.09055 1.09055 1.09055 1.09055 1.09055 1.09055 1.09055 1.09055 1.09055 1.09055 1.09055 1.09055 1.09055 1.09055 1.09055 1.09055 1.09055 1.09055 1.09055 1.09055 1.09055 1.09055 1.09055 1.09055 1.09055 1.09055 1.09055 1.09055 1.09055 1.09055 1.09055 1.09055 1.09055 1.09055 1.09055 1.09055 1.09055 1.09055 1.09055 1.09055 1.09055 1.09055 1.09055 1.09055 1.09055 1.09055 1.09055 
1.09055 1.09055 1.09055 1.09055 1.09055 1.09055 1.09055 1.09055 1.09055 1.09055 1.09055 1.09055 1.09055 1.09055 1.09055 1.09055 1.09055 1.09055 1.09055 1.09055 1.09055 1.09055 1.09055 1.09055 1.09055 1.09055 1.09055 1.09055 1.09055 1.09055 1.09055 1.09055 1.09055 1.09055 1.09055 1.09055 1.09055 1.09055 1.09055 1.09055 1.09055 1.09055 1.09055 1.09055 1.09055 1.09055 1.09055 1.09055 1.09055 1.09055 1.09055 1.09055 1.09055 1.09055 1.09055 1.09055 
1.09055 1.09055 1.09055 1.09055 1.09055 1.09055 1.09055 1.09055 1.09055 1.09055 1.09055 1.09055 1.09055 1.09055 1.09055 1.09055 1.09055 1.09055 1.09055 1.09055 1.09055 1.09055 1.09055 1.09055 1.09055 1.09055 1.09055 1.09055 1.09055 1.09055 1.09055 1.09055 1.09055 1.09055 1.09055 1.09055 1.09055 1.09055 1.09055 1.09055 1.09055 1.09055 1.09055 1.09055 1.09055 1.09055 1.09055 1.09055 1.09055 1.09055 1.09055 1.09055 1.09055 1.09055 1.09055 1.09055 
1.09055 1.09055 1.09055 1.09055 1.09055 1.09055 1.09055 1.09055 1.09055 1.09055 1.09055 1.09055 1.09055 1.09055 1.09055 1.09055 1.09055 1.09055 1.09055 1.09055 1.09055 1.09055 1.09055 1.09055 1.09055 1.09055 1.09055 1.09055 1.09055 1.09055 1.09055 1.09055 1.09055 1.09055 1.09055 1.09055 1.09055 1.09055 1.09055 1.09055 1.09055 1.09055 1.09055 1.09055 1.09055 1.09055 1.09055 1.09055 1.09055 1.09055 1.09055 1.09055 1.09055 1.09055 1.09055 1.09055 
1.09055 1.09055 1.09055 1.09055 1.09055 1.09055 1.09055 1.09055 1.09055 1.09055 1.09055 1.09055 1.09055 1.09055 1.09055 1.09055 1.09055 1.09055 1.09055 1.09055 1.09055 1.09055 1.09055 1.09055 1.09055 1.09055 1.09055 1.09055 1.09055 1.09055 1.09055 1.09055 1.09055 1.09055 1.09055 1.09055 1.09055 1.09055 1.09055 1.09055 1.09055 1.09055 1.09055 1.09055 1.09055 1.09055 1.09055 1.09055 1.09055 1.09055 1.09055 1.09055 1.09055 1.09055 1.09055 1.09055 
1.09055 1.09055 1.09055 1.09055 1.09055 1.09055 1.09055 1.09055 1.09055 1.09055 1.09055 1.09055 1.09055 1.09055 1.09055 1.09055 1.09055 1.09055 1.09055 1.09055 1.09055 1.09055 1.09055 1.09055 1.09055 1.09055 1.09055 1.09055 1.09055 1.09055 1.09055 1.09055 1.09055 1.09055 1.09055 1.09055 1.09055 1.09055 1.09055 1.09055 1.09055 1.09055 1.09055 1.09055 1.09055 1.09055 1.09055 1.09055 1.09055 1.09055 1.09055 1.09055 1.09055 1.09055 1.09055 1.09055 
1.09055 1.09055 1.09055 1.09055 1.09055 1.09055 1.09055 1.09055 1.09055 1.09055 1.09055 1.09055 1.09055 1.09055 1.09055 1.09055 1.09055 1.09055 1.09055 1.09055 1.09055 1.09055 1.09055 1.09055 1.09055 1.09055 1.09055 1.09055 1.09055 1.09055 1.09055 1.09055 1.09055 1.09055 1.09055 1.09055 1.09055 1.09055 1.09055 1.09055 1.09055 1.09055 1.09055 1.09055 1.09055 1.09055 1.09055 1.09055 1.09055 1.09055 1.09055 1.09055 1.09055 1.09055 1.09055 1.09055 
1.8076 1.8076 1.8076 1.8076 1.8076 1.8076 1.8076 1.8076 1.8076 1.8076 1.8076 1.8076 1.8076 1.8076 1.8076 1.8076 1.8076 1.8076 1.8076 1.8076 1.8076 1.8076 1.8076 1.8076 1.8076 1.8076 1.8076 1.8076 1.8076 1.8076 1.8076 1.8076 1.8076 1.8076 1.8076 1.8076 1.8076 1.8076 1.8076 1.8076 1.8076 1.8076 1.8076 1.8076 1.8076 1.8076 1.8076 1.8076 1.8076 1.8076 1.8076 1.8076 1.8076 1.8076 1.8076 1.8076 
2.14081 2.14081 2.14081 2.14081 2.14081 2.14081 2.14081 2.14081 2.14081 2.14081 2.14081 2.14081 2.14081 2.14081 2.14081 2.14081 2.14081 2.14081 2.14081 2.14081 2.14081 2.14081 2.14081 2.14081 2.14081 2.14081 2.14081 2.14081 2.14081 2.14081 2.14081 2.14081 2.14081 2.14081 2.14081 2.14081 2.14081 2.14081 2.14081 2.14081 2.14081 2.14081 2.14081 2.14081 2.14081 2.14081 2.14081 2.14081 2.14081 2.14081 2.14081 2.14081 2.14081 2.14081 2.14081 2.14081 
2.14081 2.14081 2.14081 2.14081 2.14081 2.14081 2.14081 2.14081 2.14081 2.14081 2.14081 2.14081 2.14081 2.14081 2.14081 2.14081 2.14081 2.14081 2.14081 2.14081 2.14081 2.14081 2.14081 2.14081 2.14081 2.14081 2.14081 2.14081 2.14081 2.14081 2.14081 2.14081 2.14081 2.14081 2.14081 2.14081 2.14081 2.14081 2.14081 2.14081 2.14081 2.14081 2.14081 2.14081 2.14081 2.14081 2.14081 2.14081 2.14081 2.14081 2.14081 2.14081 2.14081 2.14081 2.14081 2.14081 
1.8076 1.8076 1.8076 1.8076 1.8076 1.8076 1.8076 1.8076 1.8076 1.8076 1.8076 1.8076 1.8076 1.8076 1.8076 1.8076 1.8076 1.8076 1.8076 1.8076 1.8076 1.8076 1.8076 1.8076 1.8076 1.8076 1.8076 1.8076 1.8076 1.8076 1.8076 1.8076 1.8076 1.8076 1.8076 1.8076 1.8076 1.8076 1.8076 1.8076 1.8076 1.8076 1.8076 1.8076 1.8076 1.8076 1.8076 1.8076 1.8076 1.8076 1.8076 1.8076 1.8076 1.8076 1.8076 1.8076 
2.14081 2.14081 2.14081 2.14081 2.14081 2.14081 2.14081 2.14081 2.14081 2.14081 2.14081 2.14081 2.14081 2.14081 2.14081 2.14081 2.14081 2.14081 2.14081 2.14081 2.14081 2.14081 2.14081 2.14081 2.14081 2.14081 2.14081 2.14081 2.14081 2.14081 2.14081 2.14081 2.14081 2.14081 2.14081 2.14081 2.14081 2.14081 2.14081 2.14081 2.14081 2.14081 2.14081 2.14081 2.14081 2.14081 2.14081 2.14081 2.14081 2.14081 2.14081 2.14081 2.14081 2.14081 2.14081 2.14081 
2.14081 2.14081 2.14081 2.14081 2.14081 2.14081 2.14081 2.14081 2.14081 2.14081 2.14081 2.14081 2.14081 2.14081 2.14081 2.14081 2.14081 2.14081 2.14081 2.14081 2.14081 2.14081 2.14081 2.14081 2.14081 2.14081 2.14081 2.14081 2.14081 2.14081 2.14081 2.14081 2.14081 2.14081 2.14081 2.14081 2.14081 2.14081 2.14081 2.14081 2.14081 2.14081 2.14081 2.14081 2.14081 2.14081 2.14081 2.14081 2.14081 2.14081 2.14081 2.14081 2.14081 2.14081 2.14081 2.14081 
1.8076 1.8076 1.8076 1.8076 1.8076 1.8076 1.8076 1.8076 1.8076 1.8076 1.8076 1.8076 1.8076 1.8076 1.8076 1.8076 1.8076 1.8076 1.8076 1.8076 1.8076 1.8076 1.8076 1.8076 1.8076 1.8076 1.8076 1.8076 1.8076 1.8076 1.8076 1.8076 1.8076 1.8076 1.8076 1.8076 1.8076 1.8076 1.8076 1.8076 1.8076 1.8076 1.8076 1.8076 1.8076 1.8076 1.8076 1.8076 1.8076 1.8076 1.8076 1.8076 1.8076 1.8076 1.8076 1.8076 
2.14081 2.14081 2.14081 2.14081 2.14081 2.14081 2.14081 2.14081 2.14081 2.14081 2.14081 2.14081 2.14081 2.14081 2.14081 2.14081 2.14081 2.14081 2.14081 2.14081 2.14081 2.14081 2.14081 2.14081 2.14081 2.14081 2.14081 2.14081 2.14081 2.14081 2.14081 2.14081 2.14081 2.14081 2.14081 2.14081 2.14081 2.14081 2.14081 2.14081 2.14081 2.14081 2.14081 2.14081 2.14081 2.14081 2.14081 2.14081 2.14081 2.14081 2.14081 2.14081 2.14081 2.14081 2.14081 2.14081 
2.14081 2.14081 2.14081 2.14081 2.14081 2.14081 2.14081 2.14081 2.14081 2.14081 2.14081 2.14081 2.14081 2.14081 2.14081 2.14081 2.14081 2.14081 2.14081 2.14081 2.14081 2.14081 2.14081 2.14081 2.14081 2.14081 2.14081 2.14081 2.14081 2.14081 2.14081 2.14081 2.14081 2.14081 2.14081 2.14081 2.14081 2.14081 2.14081 2.14081 2.14081 2.14081 2.14081 2.14081 2.14081 2.14081 2.14081 2.14081 2.14081 2.14081 2.14081 2.14081 2.14081 2.14081 2.14081 2.14081 
1.8076 1.8076 1.8076 1.8076 1.8076 1.8076 1.8076 1.8076 1.8076 1.8076 1.8076 1.8076 1.8076 1.8076 1.8076 1.8076 1.8076 1.8076 1.8076 1.8076 1.8076 1.8076 1.8076 1.8076 1.8076 1.8076 1.8076 1.8076 1.8076 1.8076 1.8076 1.8076 1.8076 1.8076 1.8076 1.8076 1.8076 1.8076 1.8076 1.8076 1.8076 1.8076 1.8076 1.8076 1.8076 1.8076 1.8076 1.8076 1.8076 1.8076 1.8076 1.8076 1.8076 1.8076 1.8076 1.8076 
2.14081 2.14081 2.14081 2.14081 2.14081 2.14081 2.14081 2.14081 2.14081 2.14081 2.14081 2.14081 2.14081 2.14081 2.14081 2.14081 2.14081 2.14081 2.14081 2.14081 2.14081 2.14081 2.14081 2.14081 2.14081 2.14081 2.14081 2.14081 2.14081 2.14081 2.14081 2.14081 2.14081 2.14081 2.14081 2.14081 2.14081 2.14081 2.14081 2.14081 2.14081 2.14081 2.14081 2.14081 2.14081 2.14081 2.14081 2.14081 2.14081 2.14081 2.14081 2.14081 2.14081 2.14081 2.14081 2.14081 
2.14081 2.14081 2.14081 2.14081 2.14081 2.14081 2.14081 2.14081 2.14081 2.14081 2.14081 2.14081 2.14081 2.14081 2.14081 2.14081 2.14081 2.14081 2.14081 2.14081 2.14081 2.14081 2.14081 2.14081 2.14081 2.14081 2.14081 2.14081 2.14081 2.14081 2.14081 2.14081 2.14081 2.14081 2.14081 2.14081 2.14081 2.14081 2.14081 2.14081 2.14081 2.14081 2.14081 2.14081 2.14081 2.14081 2.14081 2.14081 2.14081 2.14081 2.14081 2.14081 2.14081 2.14081 2.14081 2.14081 
1.8076 1.8076 1.8076 1.8076 1.8076 1.8076 1.8076 1.8076 1.8076 1.8076 1.8076 1.8076 1.8076 1.8076 1.8076 1.8076 1.8076 1.8076 1.8076 1.8076 1.8076 1.8076 1.8076 1.8076 1.8076 1.8076 1.8076 1.8076 1.8076 1.8076 1.8076 1.8076 1.8076 1.8076 1.8076 1.8076 1.8076 1.8076 1.8076 1.8076 1.8076 1.8076 1.8076 1.8076 1.8076 1.8076 1.8076 1.8076 1.8076 1.8076 1.8076 1.8076 1.8076 1.8076 1.8076 1.8076 
2.14081 2.14081 2.14081 2.14081 2.14081 2.14081 2.14081 2.14081 2.14081 2.14081 2.14081 2.14081 2.14081 2.14081 2.14081 2.14081 2.14081 2.14081 2.14081 2.14081 2.14081 2.14081 2.14081 2.14081 2.14081 2.14081 2.14081 2.14081 2.14081 2.14081 2.14081 2.14081 2.14081 2.14081 2.14081 2.14081 2.14081 2.14081 2.14081 2.14081 2.14081 2.14081 2.14081 2.14081 2.14081 2.14081 2.14081 2.14081 2.14081 2.14081 2.14081 2.14081 2.14081 2.14081 2.14081 2.14081 
2.14081 2.14081 2.14081 2.14081 2.14081 2.14081 2.14081 2.14081 2.14081 2.14081 2.14081 2.14081 2.14081 2.14081 2.14081 2.14081 2.14081 2.14081 2.14081 2.14081 2.14081 2.14081 2.14081 2.14081 2.14081 2.14081 2.14081 2.14081 2.14081 2.14081 2.14081 2.14081 2.14081 2.14081 2.14081 2.14081 2.14081 2.14081 2.14081 2.14081 2.14081 2.14081 2.14081 2.14081 2.14081 2.14081 2.14081 2.14081 2.14081 2.14081 2.14081 2.14081 2.14081 2.14081 2.14081 2.14081 
1.8076 1.8076 1.8076 1.8076 1.8076 1.8076 1.8076 1.8076 1.8076 1.8076 1.8076 1.8076 1.8076 1.8076 1.8076 1.8076 1.8076 1.8076 1.8076 1.8076 1.8076 1.8076 1.8076 1.8076 1.8076 1.8076 1.8076 1.8076 1.8076 1.8076 1.8076 1.8076 1.8076 1.8076 1.8076 1.8076 1.8076 1.8076 1.8076 1.8076 1.8076 1.8076 1.8076 1.8076 1.8076 1.8076 1.8076 1.8076 1.8076 1.8076 1.8076 1.8076 1.8076 1.8076 1.8076 1.8076 
2.14081 2.14081 2.14081 2.14081 2.14081 2.14081 2.14081 2.14081 2.14081 2.14081 2.14081 2.14081 2.14081 2.14081 2.14081 2.14081 2.14081 2.14081 2.14081 2.14081 2.14081 2.14081 2.14081 2.14081 2.14081 2.14081 2.14081 2.14081 2.14081 2.14081 2.14081 2.14081 2.14081 2.14081 2.14081 2.14081 2.14081 2.14081 2.14081 2.14081 2.14081 2.14081 2.14081 2.14081 2.14081 2.14081 2.14081 2.14081 2.14081 2.14081 2.14081 2.14081 2.14081 2.14081 2.14081 2.14081 
2.14081 2.14081 2.14081 2.14081 2.14081 2.14081 2.14081 2.14081 2.14081 2.14081 2.14081 2.14081 2.14081 2.14081 2.14081 2.14081 2.14081 2.14081 2.14081 2.14081 2.14081 2.14081 2.14081 2.14081 2.14081 2.14081 2.14081 2.14081 2.14081 2.14081 2.14081 2.14081 2.14081 2.14081 2.14081 2.14081 2.14081 2.14081 2.14081 2.14081 2.14081 2.14081 2.14081 2.14081 2.14081 2.14081 2.14081 2.14081 2.14081 2.14081 2.14081 2.14081 2.14081 2.14081 2.14081 2.14081 
1.8076 1.8076 1.8076 1.8076 1.8076 1.8076 1.8076 1.8076 1.8076 1.8076 1.8076 1.8076 1.8076 1.8076 1.8076 1.8076 1.8076 1.8076 1.8076 1.8076 1.8076 1.8076 1.8076 1.8076 1.8076 1.8076 1.8076 1.8076 1.8076 1.8076 1.8076 1.8076 1.8076 1.8076 1.8076 1.8076 1.8076 1.8076 1.8076 1.8076 1.8076 1.8076 1.8076 1.8076 1.8076 1.8076 1.8076 1.8076 1.8076 1.8076 1.8076 1.8076 1.8076 1.8076 1.8076 1.8076 
2.14081 2.14081 2.14081 2.14081 2.14081 2.14081 2.14081 2.14081 2.14081 2.14081 2.14081 2.14081 2.14081 2.14081 2.14081 2.14081 2.14081 2.14081 2.14081 2.14081 2.14081 2.14081 2.14081 2.14081 2.14081 2.14081 2.14081 2.14081 2.14081 2.14081 2.14081 2.14081 2.14081 2.14081 2.14081 2.14081 2.14081 2.14081 2.14081 2.14081 2.14081 2.14081 2.14081 2.14081 2.14081 2.14081 2.14081 2.14081 2.14081 2.14081 2.14081 2.14081 2.14081 2.14081 2.14081 2.14081 
2.14081 2.14081 2.14081 2.14081 2.14081 2.14081 2.14081 2.14081 2.14081 2.14081 2.14081 2.14081 2.14081 2.14081 2.14081 2.14081 2.14081 2.14081 2.14081 2.14081 2.14081 2.14081 2.14081 2.14081 2.14081 2.14081 2.14081 2.14081 2.14081 2.14081 2.14081 2.14081 2.14081 2.14081 2.14081 2.14081 2.14081 2.14081 2.14081 2.14081 2.14081 2.14081 2.14081 2.14081 2.14081 2.14081 2.14081 2.14081 2.14081 2.14081 2.14081 2.14081 2.14081 2.14081 2.14081 2.14081 
2.7201 2.7201 2.7201 2.7201 2.7201 2.7201 2.7201 2.7201 2.7201 2.7201 2.7201 2.7201 2.7201 2.7201 2.7201 2.7201 2.7201 2.7201 2.7201 2.7201 2.7201 2.7201 2.7201 2.7201 2.7201 2.7201 2.7201 2.7201 2.7201 2.7201 2.7201 2.7201 2.7201 2.7201 2.7201 2.7201 2.7201 2.7201 2.7201 2.7201 2.7201 2.7201 2.7201 2.7201 2.7201 2.7201 2.7201 2.7201 2.7201 2.7201 2.7201 2.7201 2.7201 2.7201 2.7201 2.7201 
2.89815 2.89815 2.89815 2.89815 2.89815 2.89815 2.89815 2.89815 2.89815 2.89815 2.89815 2.89815 2.89815 2.89815 2.89815 2.89815 2.89815 2.89815 2.89815 2.89815 2.89815 2.89815 2.89815 2.89815 2.89815 2.89815 2.89815 2.89815 2.89815 2.89815 2.89815 2.89815 2.89815 2.89815 2.89815 2.89815 2.89815 2.89815 2.89815 2.89815 2.89815 2.89815 2.89815 2.89815 2.89815 2.89815 2.89815 2.89815 2.89815 2.89815 2.89815 2.89815 2.89815 2.89815 2.89815 2.89815 
2.7201 2.7201 2.7201 2.7201 2.7201 2.7201 2.7201 2.7201 2.7201 2.7201 2.7201 2.7201 2.7201 2.7201 2.7201 2.7201 2.7201 2.7201 2.7201 2.7201 2.7201 2.7201 2.7201 2.7201 2.7201 2.7201 2.7201 2.7201 2.7201 2.7201 2.7201 2.7201 2.7201 2.7201 2.7201 2.7201 2.7201 2.7201 2.7201 2.7201 2.7201 2.7201 2.7201 2.7201 2.7201 2.7201 2.7201 2.7201 2.7201 2.7201 2.7201 2.7201 2.7201 2.7201 2.7201 2.7201 
3.15551 3.15551 3.15551 3.15551 3.15551 3.15551 3.15551 3.15551 3.15551 3.15551 3.15551 3.15551 3.15551 3.15551 3.15551 3.15551 3.15551 3.15551 3.15551 3.15551 3.15551 3.15551 3.15551 3.15551 3.15551 3.15551 3.15551 3.15551 3.15551 3.15551 3.15551 3.15551 3.15551 3.15551 3.15551 3.15551 3.15551 3.15551 3.15551 3.15551 3.15551 3.15551 3.15551 3.15551 3.15551 3.15551 3.15551 3.15551 3.15551 3.15551 3.15551 3.15551 3.15551 3.15551 3.15551 3.15551 
3.21 3.21 3.21 3.21 3.21 3.21 3.21 3.21 3.21 3.21 3.21 3.21 3.21 3.21 3.21 3.21 3.21 3.21 3.21 3.21 3.21 3.21 3.21 3.21 3.21 3.21 3.21 3.21 3.21 3.21 3.21 3.21 3.21 3.21 3.21 3.21 3.21 3.21 3.21 3.21 3.21 3.21 3.21 3.21 3.21 3.21 3.21 3.21 3.21 3.21 3.21 3.21 3.21 3.21 3.21 3.21 
2.89815 2.89815 2.89815 2.89815 2.89815 2.89815 2.89815 2.89815 2.89815 2.89815 2.89815 2.89815 2.89815 2.89815 2.89815 2.89815 2.89815 2.89815 2.89815 2.89815 2.89815 2.89815 2.89815 2.89815 2.89815 2.89815 2.89815 2.89815 2.89815 2.89815 2.89815 2.89815 2.89815 2.89815 2.89815 2.89815 2.89815 2.89815 2.89815 2.89815 2.89815 2.89815 2.89815 2.89815 2.89815 2.89815 2.89815 2.89815 2.89815 2.89815 2.89815 2.89815 2.89815 2.89815 2.89815 2.89815 
3.21 3.21 3.21 3.21 3.21 3.21 3.21 3.21 3.21 3.21 3.21 3.21 3.21 3.21 3.21 3.21 3.21 3.21 3.21 3.21 3.21 3.21 3.21 3.21 3.21 3.21 3.21 3.21 3.21 3.21 3.21 3.21 3.21 3.21 3.21 3.21 3.21 3.21 3.21 3.21 3.21 3.21 3.21 3.21 3.21 3.21 3.21 3.21 3.21 3.21 3.21 3.21 3.21 3.21 3.21 3.21 
3.15551 3.15551 3.15551 3.15551 3.15551 3.15551 3.15551 3.15551 3.15551 3.15551 3.15551 3.15551 3.15551 3.15551 3.15551 3.15551 3.15551 3.15551 3.15551 3.15551 3.15551 3.15551 3.15551 3.15551 3.15551 3.15551 3.15551 3.15551 3.15551 3.15551 3.15551 3.15551 3.15551 3.15551 3.15551 3.15551 3.15551 3.15551 3.15551 3.15551 3.15551 3.15551 3.15551 3.15551 3.15551 3.15551 3.15551 3.15551 3.15551 3.15551 3.15551 3.15551 3.15551 3.15551 3.15551 3.15551 
2.7201 2.7201 2.7201 2.7201 2.7201 2.7201 2.7201 2.7201 2.7201 2.7201 2.7201 2.7201 2.7201 2.7201 2.7201 2.7201 2.7201 2.7201 2.7201 2.7201 2.7201 2.7201 2.7201 2.7201 2.7201 2.7201 2.7201 2.7201 2.7201 2.7201 2.7201 2.7201 2.7201 2.7201 2.7201 2.7201 2.7201 2.7201 2.7201 2.7201 2.7201 2.7201 2.7201 2.7201 2.7201 2.7201 2.7201 2.7201 2.7201 2.7201 2.7201 2.7201 2.7201 2.7201 2.7201 2.7201 
2.89815 2.89815 2.89815 2.89815 2.89815 2.89815 2.89815 2.89815 2.89815 2.89815 2.89815 2.89815 2.89815 2.89815 2.89815 2.89815 2.89815 2.89815 2.89815 2.89815 2.89815 2.89815 2.89815 2.89815 2.89815 2.89815 2.89815 2.89815 2.89815 2.89815 2.89815 2.89815 2.89815 2.89815 2.89815 2.89815 2.89815 2.89815 2.89815 2.89815 2.89815 2.89815 2.89815 2.89815 2.89815 2.89815 2.89815 2.89815 2.89815 2.89815 2.89815 2.89815 2.89815 2.89815 2.89815 2.89815 
2.7201 2.7201 2.7201 2.7201 2.7201 2.7201 2.7201 2.7201 2.7201 2.7201 2.7201 2.7201 2.7201 2.7201 2.7201 2.7201 2.7201 2.7201 2.7201 2.7201 2.7201 2.7201 2.7201 2.7201 2.7201 2.7201 2.7201 2.7201 2.7201 2.7201 2.7201 2.7201 2.7201 2.7201 2.7201 2.7201 2.7201 2.7201 2.7201 2.7201 2.7201 2.7201 2.7201 2.7201 2.7201 2.7201 2.7201 2.7201 2.7201 2.7201 2.7201 2.7201 2.7201 2.7201 2.7201 2.7201 
3.15551 3.15551 3.15551 3.15551 3.15551 3.15551 3.15551 3.15551 3.15551 3.15551 3.15551 3.15551 3.15551 3.15551 3.15551 3.15551 3.15551 3.15551 3.15551 3.15551 3.15551 3.15551 3.15551 3.15551 3.15551 3.15551 3.15551 3.15551 3.15551 3.15551 3.15551 3.15551 3.15551 3.15551 3.15551 3.15551 3.15551 3.15551 3.15551 3.15551 3.15551 3.15551 3.15551 3.15551 3.15551 3.15551 3.15551 3.15551 3.15551 3.15551 3.15551 3.15551 3.15551 3.15551 3.15551 3.15551 
3.21 3.21 3.21 3.21 3.21 3.21 3.21 3.21 3.21 3.21 3.21 3.21 3.21 3.21 3.21 3.21 3.21 3.21 3.21 3.21 3.21 3.21 3.21 3.21 3.21 3.21 3.21 3.21 3.21 3.21 3.21 3.21 3.21 3.21 3.21 3.21 3.21 3.21 3.21 3.21 3.21 3.21 3.21 3.21 3.21 3.21 3.21 3.21 3.21 3.21 3.21 3.21 3.21 3.21 3.21 3.21 
2.89815 2.89815 2.89815 2.89815 2.89815 2.89815 2.89815 2.89815 2.89815 2.89815 2.89815 2.89815 2.89815 2.89815 2.89815 2.89815 2.89815 2.89815 2.89815 2.89815 2.89815 2.89815 2.89815 2.89815 2.89815 2.89815 2.89815 2.89815 2.89815 2.89815 2.89815 2.89815 2.89815 2.89815 2.89815 2.89815 2.89815 2.89815 2.89815 2.89815 2.89815 2.89815 2.89815 2.89815 2.89815 2.89815 2.89815 2.89815 2.89815 2.89815 2.89815 2.89815 2.89815 2.89815 2.89815 2.89815 
3.21 3.21 3.21 3.21 3.21 3.21 3.21 3.21 3.21 3.21 3.21 3.21 3.21 3.21 3.21 3.21 3.21 3.21 3.21 3.21 3.21 3.21 3.21 3.21 3.21 3.21 3.21 3.21 3.21 3.21 3.21 3.21 3.21 3.21 3.21 3.21 3.21 3.21 3.21 3.21 3.21 3.21 3.21 3.21 3.21 3.21 3.21 3.21 3.21 3.21 3.21 3.21 3.21 3.21 3.21 3.21 
3.15551 3.15551 3.15551 3.15551 3.15551 3.15551 3.15551 3.15551 3.15551 3.15551 3.15551 3.15551 3.15551 3.15551 3.15551 3.15551 3.15551 3.15551 3.15551 3.15551 3.15551 3.15551 3.15551 3.15551 3.15551 3.15551 3.15551 3.15551 3.15551 3.15551 3.15551 3.15551 3.15551 3.15551 3.15551 3.15551 3.15551 3.15551 3.15551 3.15551 3.15551 3.15551 3.15551 3.15551 3.15551 3.15551 3.15551 3.15551 3.15551 3.15551 3.15551 3.15551 3.15551 3.15551 3.15551 3.15551 
2.7201 2.7201 2.7201 2.7201 2.7201 2.7201 2.7201 2.7201 2.7201 2.7201 2.7201 2.7201 2.7201 2.7201 2.7201 2.7201 2.7201 2.7201 2.7201 2.7201 2.7201 2.7201 2.7201 2.7201 2.7201 2.7201 2.7201 2.7201 2.7201 2.7201 2.7201 2.7201 2.7201 2.7201 2.7201 2.7201 2.7201 2.7201 2.7201 2.7201 2.7201 2.7201 2.7201 2.7201 2.7201 2.7201 2.7201 2.7201 2.7201 2.7201 2.7201 2.7201 2.7201 2.7201 2.7201 2.7201 
2.89815 2.89815 2.89815 2.89815 2.89815 2.89815 2.89815 2.89815 2.89815 2.89815 2.89815 2.89815 2.89815 2.89815 2.89815 2.89815 2.89815 2.89815 2.89815 2.89815 2.89815 2.89815 2.89815 2.89815 2.89815 2.89815 2.89815 2.89815 2.89815 2.89815 2.89815 2.89815 2.89815 2.89815 2.89815 2.89815 2.89815 2.89815 2.89815 2.89815 2.89815 2.89815 2.89815 2.89815 2.89815 2.89815 2.89815 2.89815 2.89815 2.89815 2.89815 2.89815 2.89815 2.89815 2.89815 2.89815 
2.7201 2.7201 2.7201 2.7201 2.7201 2.7201 2.7201 2.7201 2.7201 2.7201 2.7201 2.7201 2.7201 2.7201 2.7201 2.7201 2.7201 2.7201 2.7201 2.7201 2.7201 2.7201 2.7201 2.7201 2.7201 2.7201 2.7201 2.7201 2.7201 2.7201 2.7201 2.7201 2.7201 2.7201 2.7201 2.7201 2.7201 2.7201 2.7201 2.7201 2.7201 2.7201 2.7201 2.7201 2.7201 2.7201 2.7201 2.7201 2.7201 2.7201 2.7201 2.7201 2.7201 2.7201 2.7201 2.7201 
3.15551 3.15551 3.15551 3.15551 3.15551 3.15551 3.15551 3.15551 3.15551 3.15551 3.15551 3.15551 3.15551 3.15551 3.15551 3.15551 3.15551 3.15551 3.15551 3.15551 3.15551 3.15551 3.15551 3.15551 3.15551 3.15551 3.15551 3.15551 3.15551 3.15551 3.15551 3.15551 3.15551 3.15551 3.15551 3.15551 3.15551 3.15551 3.15551 3.15551 3.15551 3.15551 3.15551 3.15551 3.15551 3.15551 3.15551 3.15551 3.15551 3.15551 3.15551 3.15551 3.15551 3.15551 3.15551 3.15551 
3.21 3.21 3.21 3.21 3.21 3.21 3.21 3.21 3.21 3.21 3.21 3.21 3.21 3.21 3.21 3.21 3.21 3.21 3.21 3.21 3.21 3.21 3.21 3.21 3.21 3.21 3.21 3.21 3.21 3.21 3.21 3.21 3.21 3.21 3.21 3.21 3.21 3.21 3.21 3.21 3.21 3.21 3.21 3.21 3.21 3.21 3.21 3.21 3.21 3.21 3.21 3.21 3.21 3.21 3.21 3.21 
2.89815 2.89815 2.89815 2.89815 2.89815 2.89815 2.89815 2.89815 2.89815 2.89815 2.89815 2.89815 2.89815 2.89815 2.89815 2.89815 2.89815 2.89815 2.89815 2.89815 2.89815 2.89815 2.89815 2.89815 2.89815 2.89815 2.89815 2.89815 2.89815 2.89815 2.89815 2.89815 2.89815 2.89815 2.89815 2.89815 2.89815 2.89815 2.89815 2.89815 2.89815 2.89815 2.89815 2.89815 2.89815 2.89815 2.89815 2.89815 2.89815 2.89815 2.89815 2.89815 2.89815 2.89815 2.89815 2.89815 
3.21 3.21 3.21 3.21 3.21 3.21 3.21 3.21 3.21 3.21 3.21 3.21 3.21 3.21 3.21 3.21 3.21 3.21 3.21 3.21 3.21 3.21 3.21 3.21 3.21 3.21 3.21 3.21 3.21 3.21 3.21 3.21 3.21 3.21 3.21 3.21 3.21 3.21 3.21 3.21 3.21 3.21 3.21 3.21 3.21 3.21 3.21 3.21 3.21 3.21 3.21 3.21 3.21 3.21 3.21 3.21 
3.15551 3.15551 3.15551 3.15551 3.15551 3.15551 3.15551 3.15551 3.15551 3.15551 3.15551 3.15551 3.15551 3.15551 3.15551 3.15551 3.15551 3.15551 3.15551 3.15551 3.15551 3.15551 3.15551 3.15551 3.15551 3.15551 3.15551 3.15551 3.15551 3.15551 3.15551 3.15551 3.15551 3.15551 3.15551 3.15551 3.15551 3.15551 3.15551 3.15551 3.15551 3.15551 3.15551 3.15551 3.15551 3.15551 3.15551 3.15551 3.15551 3.15551 3.15551 3.15551 3.15551 3.15551 3.15551 3.15551 
2.7201 2.7201 2.7201 2.7201 2.7201 2.7201 2.7201 2.7201 2.7201 2.7201 2.7201 2.7201 2.7201 2.7201 2.7201 2.7201 2.7201 2.7201 2.7201 2.7201 2.7201 2.7201 2.7201 2.7201 2.7201 2.7201 2.7201 2.7201 2.7201 2.7201 2.7201 2.7201 2.7201 2.7201 2.7201 2.7201 2.7201 2.7201 2.7201 2.7201 2.7201 2.7201 2.7201 2.7201 2.7201 2.7201 2.7201 2.7201 2.7201 2.7201 2.7201 2.7201 2.7201 2.7201 2.7201 2.7201 
2.89815 2.89815 2.89815 2.89815 2.89815 2.89815 2.89815 2.89815 2.89815 2.89815 2.89815 2.89815 2.89815 2.89815 2.89815 2.89815 2.89815 2.89815 2.89815 2.89815 2.89815 2.89815 2.89815 2.89815 2.89815 2.89815 2.89815 2.89815 2.89815 2.89815 2.89815 2.89815 2.89815 2.89815 2.89815 2.89815 2.89815 2.89815 2.89815 2.89815 2.89815 2.89815 2.89815 2.89815 2.89815 2.89815 2.89815 2.89815 2.89815 2.89815 2.89815 2.89815 2.89815 2.89815 2.89815 2.89815 
2.7201 2.7201 2.7201 2.7201 2.7201 2.7201 2.7201 2.7201 2.7201 2.7201 2.7201 2.7201 2.7201 2.7201 2.7201 2.7201 2.7201 2.7201 2.7201 2.7201 2.7201 2.7201 2.7201 2.7201 2.7201 2.7201 2.7201 2.7201 2.7201 2.7201 2.7201 2.7201 2.7201 2.7201 2.7201 2.7201 2.7201 2.7201 2.7201 2.7201 2.7201 2.7201 2.7201 2.7201 2.7201 2.7201 2.7201 2.7201 2.7201 2.7201 2.7201 2.7201 2.7201 2.7201 2.7201 2.7201 
3.15551 3.15551 3.15551 3.15551 3.15551 3.15551 3.15551 3.15551 3.15551 3.15551 3.15551 3.15551 3.15551 3.15551 3.15551 3.15551 3.15551 3.15551 3.15551 3.15551 3.15551 3.15551 3.15551 3.15551 3.15551 3.15551 3.15551 3.15551 3.15551 3.15551 3.15551 3.15551 3.15551 3.15551 3.15551 3.15551 3.15551 3.15551 3.15551 3.15551 3.15551 3.15551 3.15551 3.15551 3.15551 3.15551 3.15551 3.15551 3.15551 3.15551 3.15551 3.15551 3.15551 3.15551 3.15551 3.15551 
3.21 3.21 3.21 3.21 3.21 3.21 3.21 3.21 3.21 3.21 3.21 3.21 3.21 3.21 3.21 3.21 3.21 3.21 3.21 3.21 3.21 3.21 3.21 3.21 3.21 3.21 3.21 3.21 3.21 3.21 3.21 3.21 3.21 3.21 3.21 3.21 3.21 3.21 3.21 3.21 3.21 3.21 3.21 3.21 3.21 3.21 3.21 3.21 3.21 3.21 3.21 3.21 3.21 3.21 3.21 3.21 
2.89815 2.89815 2.89815 2.89815 2.89815 2.89815 2.89815 2.89815 2.89815 2.89815 2.89815 2.89815 2.89815 2.89815 2.89815 2.89815 2.89815 2.89815 2.89815 2.89815 2.89815 2.89815 2.89815 2.89815 2.89815 2.89815 2.89815 2.89815 2.89815 2.89815 2.89815 2.89815 2.89815 2.89815 2.89815 2.89815 2.89815 2.89815 2.89815 2.89815 2.89815 2.89815 2.89815 2.89815 2.89815 2.89815 2.89815 2.89815 2.89815 2.89815 2.89815 2.89815 2.89815 2.89815 2.89815 2.89815 
3.21 3.21 3.21 3.21 3.21 3.21 3.21 3.21 3.21 3.21 3.21 3.21 3.21 3.21 3.21 3.21 3.21 3.21 3.21 3.21 3.21 3.21 3.21 3.21 3.21 3.21 3.21 3.21 3.21 3.21 3.21 3.21 3.21 3.21 3.21 3.21 3.21 3.21 3.21 3.21 3.21 3.21 3.21 3.21 3.21 3.21 3.21 3.21 3.21 3.21 3.21 3.21 3.21 3.21 3.21 3.21 
3.15551 3.15551 3.15551 3.15551 3.15551 3.15551 3.15551 3.15551 3.15551 3.15551 3.15551 3.15551 3.15551 3.15551 3.15551 3.15551 3.15551 3.15551 3.15551 3.15551 3.15551 3.15551 3.15551 3.15551 3.15551 3.15551 3.15551 3.15551 3.15551 3.15551 3.15551 3.15551 3.15551 3.15551 3.15551 3.15551 3.15551 3.15551 3.15551 3.15551 3.15551 3.15551 3.15551 3.15551 3.15551 3.15551 3.15551 3.15551 3.15551 3.15551 3.15551 3.15551 3.15551 3.15551 3.15551 3.15551 
2.7201 2.7201 2.7201 2.7201 2.7201 2.7201 2.7201 2.7201 2.7201 2.7201 2.7201 2.7201 2.7201 2.7201 2.7201 2.7201 2.7201 2.7201 2.7201 2.7201 2.7201 2.7201 2.7201 2.7201 2.7201 2.7201 2.7201 2.7201 2.7201 2.7201 2.7201 2.7201 2.7201 2.7201 2.7201 2.7201 2.7201 2.7201 2.7201 2.7201 2.7201 2.7201 2.7201 2.7201 2.7201 2.7201 2.7201 2.7201 2.7201 2.7201 2.7201 2.7201 2.7201 2.7201 2.7201 2.7201 
2.89815 2.89815 2.89815 2.89815 2.89815 2.89815 2.89815 2.89815 2.89815 2.89815 2.89815 2.89815 2.89815 2.89815 2.89815 2.89815 2.89815 2.89815 2.89815 2.89815 2.89815 2.89815 2.89815 2.89815 2.89815 2.89815 2.89815 2.89815 2.89815 2.89815 2.89815 2.89815 2.89815 2.89815 2.89815 2.89815 2.89815 2.89815 2.89815 2.89815 2.89815 2.89815 2.89815 2.89815 2.89815 2.89815 2.89815 2.89815 2.89815 2.89815 2.89815 2.89815 2.89815 2.89815 2.89815 2.89815 
2.7201 2.7201 2.7201 2.7201 2.7201 2.7201 2.7201 2.7201 2.7201 2.7201 2.7201 2.7201 2.7201 2.7201 2.7201 2.7201 2.7201 2.7201 2.7201 2.7201 2.7201 2.7201 2.7201 2.7201 2.7201 2.7201 2.7201 2.7201 2.7201 2.7201 2.7201 2.7201 2.7201 2.7201 2.7201 2.7201 2.7201 2.7201 2.7201 2.7201 2.7201 2.7201 2.7201 2.7201 2.7201 2.7201 2.7201 2.7201 2.7201 2.7201 2.7201 2.7201 2.7201 2.7201 2.7201 2.7201 
3.15551 3.15551 3.15551 3.15551 3.15551 3.15551 3.15551 3.15551 3.15551 3.15551 3.15551 3.15551 3.15551 3.15551 3.15551 3.15551 3.15551 3.15551 3.15551 3.15551 3.15551 3.15551 3.15551 3.15551 3.15551 3.15551 3.15551 3.15551 3.15551 3.15551 3.15551 3.15551 3.15551 3.15551 3.15551 3.15551 3.15551 3.15551 3.15551 3.15551 3.15551 3.15551 3.15551 3.15551 3.15551 3.15551 3.15551 3.15551 3.15551 3.15551 3.15551 3.15551 3.15551 3.15551 3.15551 3.15551 
3.21 3.21 3.21 3.21 3.21 3.21 3.21 3.21 3.21 3.21 3.21 3.21 3.21 3.21 3.21 3.21 3.21 3.21 3.21 3.21 3.21 3.21 3.21 3.21 3.21 3.21 3.21 3.21 3.21 3.21 3.21 3.21 3.21 3.21 3.21 3.21 3.21 3.21 3.21 3.21 3.21 3.21 3.21 3.21 3.21 3.21 3.21 3.21 3.21 3.21 3.21 3.21 3.21 3.21 3.21 3.21 
2.89815 2.89815 2.89815 2.89815 2.89815 2.89815 2.89815 2.89815 2.89815 2.89815 2.89815 2.89815 2.89815 2.89815 2.89815 2.89815 2.89815 2.89815 2.89815 2.89815 2.89815 2.89815 2.89815 2.89815 2.89815 2.89815 2.89815 2.89815 2.89815 2.89815 2.89815 2.89815 2.89815 2.89815 2.89815 2.89815 2.89815 2.89815 2.89815 2.89815 2.89815 2.89815 2.89815 2.89815 2.89815 2.89815 2.89815 2.89815 2.89815 2.89815 2.89815 2.89815 2.89815 2.89815 2.89815 2.89815 
3.21 3.21 3.21 3.21 3.21 3.21 3.21 3.21 3.21 3.21 3.21 3.21 3.21 3.21 3.21 3.21 3.21 3.21 3.21 3.21 3.21 3.21 3.21 3.21 3.21 3.21 3.21 3.21 3.21 3.21 3.21 3.21 3.21 3.21 3.21 3.21 3.21 3.21 3.21 3.21 3.21 3.21 3.21 3.21 3.21 3.21 3.21 3.21 3.21 3.21 3.21 3.21 3.21 3.21 3.21 3.21 
3.15551 3.15551 3.15551 3.15551 3.15551 3.15551 3.15551 3.15551 3.15551 3.15551 3.15551 3.15551 3.15551 3.15551 3.15551 3.15551 3.15551 3.15551 3.15551 3.15551 3.15551 3.15551 3.15551 3.15551 3.15551 3.15551 3.15551 3.15551 3.15551 3.15551 3.15551 3.15551 3.15551 3.15551 3.15551 3.15551 3.15551 3.15551 3.15551 3.15551 3.15551 3.15551 3.15551 3.15551 3.15551 3.15551 3.15551 3.15551 3.15551 3.15551 3.15551 3.15551 3.15551 3.15551 3.15551 3.15551 
2.7201 2.7201 2.7201 2.7201 2.7201 2.7201 2.7201 2.7201 2.7201 2.7201 2.7201 2.7201 2.7201 2.7201 2.7201 2.7201 2.7201 2.7201 2.7201 2.7201 2.7201 2.7201 2.7201 2.7201 2.7201 2.7201 2.7201 2.7201 2.7201 2.7201 2.7201 2.7201 2.7201 2.7201 2.7201 2.7201 2.7201 2.7201 2.7201 2.7201 2.7201 2.7201 2.7201 2.7201 2.7201 2.7201 2.7201 2.7201 2.7201 2.7201 2.7201 2.7201 2.7201 2.7201 2.7201 2.7201 
2.89815 2.89815 2.89815 2.89815 2.89815 2.89815 2.89815 2.89815 2.89815 2.89815 2.89815 2.89815 2.89815 2.89815 2.89815 2.89815 2.89815 2.89815 2.89815 2.89815 2.89815 2.89815 2.89815 2.89815 2.89815 2.89815 2.89815 2.89815 2.89815 2.89815 2.89815 2.89815 2.89815 2.89815 2.89815 2.89815 2.89815 2.89815 2.89815 2.89815 2.89815 2.89815 2.89815 2.89815 2.89815 2.89815 2.89815 2.89815 2.89815 2.89815 2.89815 2.89815 2.89815 2.89815 2.89815 2.89815 
2.7201 2.7201 2.7201 2.7201 2.7201 2.7201 2.7201 2.7201 2.7201 2.7201 2.7201 2.7201 2.7201 2.7201 2.7201 2.7201 2.7201 2.7201 2.7201 2.7201 2.7201 2.7201 2.7201 2.7201 2.7201 2.7201 2.7201 2.7201 2.7201 2.7201 2.7201 2.7201 2.7201 2.7201 2.7201 2.7201 2.7201 2.7201 2.7201 2.7201 2.7201 2.7201 2.7201 2.7201 2.7201 2.7201 2.7201 2.7201 2.7201 2.7201 2.7201 2.7201 2.7201 2.7201 2.7201 2.7201 
3.15551 3.15551 3.15551 3.15551 3.15551 3.15551 3.15551 3.15551 3.15551 3.15551 3.15551 3.15551 3.15551 3.15551 3.15551 3.15551 3.15551 3.15551 3.15551 3.15551 3.15551 3.15551 3.15551 3.15551 3.15551 3.15551 3.15551 3.15551 3.15551 3.15551 3.15551 3.15551 3.15551 3.15551 3.15551 3.15551 3.15551 3.15551 3.15551 3.15551 3.15551 3.15551 3.15551 3.15551 3.15551 3.15551 3.15551 3.15551 3.15551 3.15551 3.15551 3.15551 3.15551 3.15551 3.15551 3.15551 
3.21 3.21 3.21 3.21 3.21 3.21 3.21 3.21 3.21 3.21 3.21 3.21 3.21 3.21 3.21 3.21 3.21 3.21 3.21 3.21 3.21 3.21 3.21 3.21 3.21 3.21 3.21 3.21 3.21 3.21 3.21 3.21 3.21 3.21 3.21 3.21 3.21 3.21 3.21 3.21 3.21 3.21 3.21 3.21 3.21 3.21 3.21 3.21 3.21 3.21 3.21 3.21 3.21 3.21 3.21 3.21 
2.89815 2.89815 2.89815 2.89815 2.89815 2.89815 2.89815 2.89815 2.89815 2.89815 2.89815 2.89815 2.89815 2.89815 2.89815 2.89815 2.89815 2.89815 2.89815 2.89815 2.89815 2.89815 2.89815 2.89815 2.89815 2.89815 2.89815 2.89815 2.89815 2.89815 2.89815 2.89815 2.89815 2.89815 2.89815 2.89815 2.89815 2.89815 2.89815 2.89815 2.89815 2.89815 2.89815 2.89815 2.89815 2.89815 2.89815 2.89815 2.89815 2.89815 2.89815 2.89815 2.89815 2.89815 2.89815 2.89815 
3.21 3.21 3.21 3.21 3.21 3.21 3.21 3.21 3.21 3.21 3.21 3.21 3.21 3.21 3.21 3.21 3.21 3.21 3.21 3.21 3.21 3.21 3.21 3.21 3.21 3.21 3.21 3.21 3.21 3.21 3.21 3.21 3.21 3.21 3.21 3.21 3.21 3.21 3.21 3.21 3.21 3.21 3.21 3.21 3.21 3.21 3.21 3.21 3.21 3.21 3.21 3.21 3.21 3.21 3.21 3.21 
3.15551 3.15551 3.15551 3.15551 3.15551 3.15551 3.15551 3.15551 3.15551 3.15551 3.15551 3.15551 3.15551 3.15551 3.15551 3.15551 3.15551 3.15551 3.15551 3.15551 3.15551 3.15551 3.15551 3.15551 3.15551 3.15551 3.15551 3.15551 3.15551 3.15551 3.15551 3.15551 3.15551 3.15551 3.15551 3.15551 3.15551 3.15551 3.15551 3.15551 3.15551 3.15551 3.15551 3.15551 3.15551 3.15551 3.15551 3.15551 3.15551 3.15551 3.15551 3.15551 3.15551 3.15551 3.15551 3.15551 
2.7201 2.7201 2.7201 2.7201 2.7201 2.7201 2.7201 2.7201 2.7201 2.7201 2.7201 2.7201 2.7201 2.7201 2.7201 2.7201 2.7201 2.7201 2.7201 2.7201 2.7201 2.7201 2.7201 2.7201 2.7201 2.7201 2.7201 2.7201 2.7201 2.7201 2.7201 2.7201 2.7201 2.7201 2.7201 2.7201 2.7201 2.7201 2.7201 2.7201 2.7201 2.7201 2.7201 2.7201 2.7201 2.7201 2.7201 2.7201 2.7201 2.7201 2.7201 2.7201 2.7201 2.7201 2.7201 2.7201 
2.89815 2.89815 2.89815 2.89815 2.89815 2.89815 2.89815 2.89815 2.89815 2.89815 2.89815 2.89815 2.89815 2.89815 2.89815 2.89815 2.89815 2.89815 2.89815 2.89815 2.89815 2.89815 2.89815 2.89815 2.89815 2.89815 2.89815 2.89815 2.89815 2.89815 2.89815 2.89815 2.89815 2.89815 2.89815 2.89815 2.89815 2.89815 2.89815 2.89815 2.89815 2.89815 2.89815 2.89815 2.89815 2.89815 2.89815 2.89815 2.89815 2.89815 2.89815 2.89815 2.89815 2.89815 2.89815 2.89815 
2.7201 2.7201 2.7201 2.7201 2.7201 2.7201 2.7201 2.7201 2.7201 2.7201 2.7201 2.7201 2.7201 2.7201 2.7201 2.7201 2.7201 2.7201 2.7201 2.7201 2.7201 2.7201 2.7201 2.7201 2.7201 2.7201 2.7201 2.7201 2.7201 2.7201 2.7201 2.7201 2.7201 2.7201 2.7201 2.7201 2.7201 2.7201 2.7201 2.7201 2.7201 2.7201 2.7201 2.7201 2.7201 2.7201 2.7201 2.7201 2.7201 2.7201 2.7201 2.7201 2.7201 2.7201 2.7201 2.7201 
3.15551 3.15551 3.15551 3.15551 3.15551 3.15551 3.15551 3.15551 3.15551 3.15551 3.15551 3.15551 3.15551 3.15551 3.15551 3.15551 3.15551 3.15551 3.15551 3.15551 3.15551 3.15551 3.15551 3.15551 3.15551 3.15551 3.15551 3.15551 3.15551 3.15551 3.15551 3.15551 3.15551 3.15551 3.15551 3.15551 3.15551 3.15551 3.15551 3.15551 3.15551 3.15551 3.15551 3.15551 3.15551 3.15551 3.15551 3.15551 3.15551 3.15551 3.15551 3.15551 3.15551 3.15551 3.15551 3.15551 
3.21 3.21 3.21 3.21 3.21 3.21 3.21 3.21 3.21 3.21 3.21 3.21 3.21 3.21 3.21 3.21 3.21 3.21 3.21 3.21 3.21 3.21 3.21 3.21 3.21 3.21 3.21 3.21 3.21 3.21 3.21 3.21 3.21 3.21 3.21 3.21 3.21 3.21 3.21 3.21 3.21 3.21 3.21 3.21 3.21 3.21 3.21 3.21 3.21 3.21 3.21 3.21 3.21 3.21 3.21 3.21 
2.89815 2.89815 2.89815 2.89815 2.89815 2.89815 2.89815 2.89815 2.89815 2.89815 2.89815 2.89815 2.89815 2.89815 2.89815 2.89815 2.89815 2.89815 2.89815 2.89815 2.89815 2.89815 2.89815 2.89815 2.89815 2.89815 2.89815 2.89815 2.89815 2.89815 2.89815 2.89815 2.89815 2.89815 2.89815 2.89815 2.89815 2.89815 2.89815 2.89815 2.89815 2.89815 2.89815 2.89815 2.89815 2.89815 2.89815 2.89815 2.89815 2.89815 2.89815 2.89815 2.89815 2.89815 2.89815 2.89815 
3.21 3.21 3.21 3.21 3.21 3.21 3.21 3.21 3.21 3.21 3.21 3.21 3.21 3.21 3.21 3.21 3.21 3.21 3.21 3.21 3.21 3.21 3.21 3.21 3.21 3.21 3.21 3.21 3.21 3.21 3.21 3.21 3.21 3.21 3.21 3.21 3.21 3.21 3.21 3.21 3.21 3.21 3.21 3.21 3.21 3.21 3.21 3.21 3.21 3.21 3.21 3.21 3.21 3.21 3.21 3.21 
3.15551 3.15551 3.15551 3.15551 3.15551 3.15551 3.15551 3.15551 3.15551 3.15551 3.15551 3.15551 3.15551 3.15551 3.15551 3.15551 3.15551 3.15551 3.15551 3.15551 3.15551 3.15551 3.15551 3.15551 3.15551 3.15551 3.15551 3.15551 3.15551 3.15551 3.15551 3.15551 3.15551 3.15551 3.15551 3.15551 3.15551 3.15551 3.15551 3.15551 3.15551 3.15551 3.15551 3.15551 3.15551 3.15551 3.15551 3.15551 3.15551 3.15551 3.15551 3.15551 3.15551 3.15551 3.15551 3.15551 
